MERGER TABLE - before merge (masses + core volumes of BOTH parties), then final EXPECTED vs ACTUAL
Core volume = mass / 2.3e17 kg/m3, in km^3. Joined volume = V1 + V2 (volumes add).
EXPECTED final = (M1+M2) - kappa*[g(M1)+g(M2)-g(M1+M2)]/Msun, g = GM/R^2, kappa = 3.1748e18 kg per m/s^2 (repo, frozen, calibrated on GW150914). ACTUAL = catalog final mass.
DIFF = expected - actual. Masses in solar masses. First five rows: the five named events; rest: repo GWTC-4 list (84 events).

EVENT             |      M1      M2    M1+M2 |     V1 km3     V2 km3  V1+V2 km3 |  EXPECTED    ACTUAL | DIFF Ms   DIFF %
-------------------------------------------------------------------------------------------------------------------------
GW150914          |   36.00   29.00    65.00 |  3.113e+05  2.508e+05  5.621e+05 |     61.92     62.00 |   -0.08   -0.12%
GW190521          |   85.00   66.00   151.00 |  7.351e+05  5.708e+05  1.306e+06 |    146.93    142.00 |   +4.93   +3.47%
GW170104          |   31.20   19.40    50.60 |  2.698e+05  1.678e+05  4.376e+05 |     47.81     48.70 |   -0.89   -1.83%
GW170814          |   30.50   25.30    55.80 |  2.638e+05  2.188e+05  4.825e+05 |     52.87     53.20 |   -0.33   -0.61%
GW151226          |   14.20    7.50    21.70 |  1.228e+05  6.486e+04  1.877e+05 |     19.62     20.80 |   -1.18   -5.66%
-------------------------------------------------------------------------------------------------------------------------
GW230627_015337   |    8.40    5.74    14.14 |  7.264e+04  4.964e+04  1.223e+05 |     12.30     13.57 |   -1.27   -9.33%
GW230630_234532   |   10.00    6.60    16.60 |  8.648e+04  5.708e+04  1.436e+05 |     14.67     16.10 |   -1.43   -8.90%
GW231224_024321   |    9.30    7.31    16.61 |  8.042e+04  6.322e+04  1.436e+05 |     14.66     15.89 |   -1.23   -7.74%
GW230904_051013   |   10.60    7.10    17.70 |  9.167e+04  6.140e+04  1.531e+05 |     15.72     17.10 |   -1.38   -8.05%
GW230731_215307   |   10.30    7.90    18.20 |  8.907e+04  6.832e+04  1.574e+05 |     16.19     17.40 |   -1.21   -6.95%
GW231223_075055   |   11.90    6.80    18.70 |  1.029e+05  5.881e+04  1.617e+05 |     16.71     18.10 |   -1.39   -7.68%
GW231018_233037   |   11.60    7.30    18.90 |  1.003e+05  6.313e+04  1.634e+05 |     16.89     18.20 |   -1.31   -7.21%
GW231113_200417   |   11.60    7.40    19.00 |  1.003e+05  6.399e+04  1.643e+05 |     16.98     18.30 |   -1.32   -7.20%
GW231223_202619   |   11.10    8.30    19.40 |  9.599e+04  7.178e+04  1.678e+05 |     17.35     18.70 |   -1.35   -7.22%
GW231020_142947   |   12.00    7.40    19.40 |  1.038e+05  6.399e+04  1.678e+05 |     17.37     18.80 |   -1.43   -7.59%
GW230729_082317   |   12.30    7.60    19.90 |  1.064e+05  6.572e+04  1.721e+05 |     17.86     19.30 |   -1.44   -7.49%
GW231118_090602   |   12.90    7.40    20.30 |  1.116e+05  6.399e+04  1.756e+05 |     18.25     19.60 |   -1.35   -6.87%
GW231104_133418   |   12.20    8.60    20.80 |  1.055e+05  7.437e+04  1.799e+05 |     18.71     20.00 |   -1.29   -6.46%
GW230723_101834   |   16.60   10.60    27.20 |  1.436e+05  9.167e+04  2.352e+05 |     24.93     26.40 |   -1.47   -5.58%
GW230706_104333   |   16.30   11.50    27.80 |  1.410e+05  9.945e+04  2.404e+05 |     25.50     26.60 |   -1.10   -4.15%
GW230605_065343   |   17.40   11.00    28.40 |  1.505e+05  9.513e+04  2.456e+05 |     26.09     27.30 |   -1.21   -4.42%
GW231118_005626   |   20.00   10.80    30.80 |  1.730e+05  9.340e+04  2.664e+05 |     28.46     29.40 |   -0.94   -3.20%
GW231114_043211   |   22.80    8.20    31.00 |  1.972e+05  7.091e+04  2.681e+05 |     28.76     30.10 |   -1.34   -4.44%
GW231110_040320   |   19.40   12.60    32.00 |  1.678e+05  1.090e+05  2.767e+05 |     29.60     30.60 |   -1.00   -3.28%
GW231014_040532   |   20.60   14.70    35.30 |  1.781e+05  1.271e+05  3.053e+05 |     32.80     33.80 |   -1.00   -2.95%
GW230927_153832   |   21.70   16.60    38.30 |  1.877e+05  1.436e+05  3.312e+05 |     35.73     36.50 |   -0.77   -2.12%
GW231231_154016   |   22.50   17.20    39.70 |  1.946e+05  1.487e+05  3.433e+05 |     37.10     38.10 |   -1.00   -2.64%
GW231108_125142   |   23.20   17.40    40.60 |  2.006e+05  1.505e+05  3.511e+05 |     37.98     38.90 |   -0.92   -2.37%
GW230624_113103   |   27.10   16.10    43.20 |  2.344e+05  1.392e+05  3.736e+05 |     40.56     41.70 |   -1.14   -2.73%
GW230712_090405   |   32.00   12.50    44.50 |  2.767e+05  1.081e+05  3.848e+05 |     41.95     44.00 |   -2.05   -4.66%
GW240109_050431   |   28.70   18.10    46.80 |  2.482e+05  1.565e+05  4.047e+05 |     44.08     45.20 |   -1.12   -2.48%
GW230919_215712   |   27.30   21.40    48.70 |  2.361e+05  1.851e+05  4.211e+05 |     45.91     46.50 |   -0.59   -1.27%
GW231005_091549   |   28.80   21.20    50.00 |  2.491e+05  1.833e+05  4.324e+05 |     47.19     48.00 |   -0.81   -1.68%
GW230708_053705   |   29.10   22.70    51.80 |  2.517e+05  1.963e+05  4.480e+05 |     48.95     49.40 |   -0.45   -0.91%
GW230924_124453   |   28.80   23.20    52.00 |  2.491e+05  2.006e+05  4.497e+05 |     49.14     49.40 |   -0.26   -0.52%
GW230704_021211   |   32.60   20.00    52.60 |  2.819e+05  1.730e+05  4.549e+05 |     49.77     50.70 |   -0.93   -1.83%
GW230805_034249   |   32.20   22.60    54.80 |  2.785e+05  1.954e+05  4.739e+05 |     51.91     52.40 |   -0.49   -0.93%
GW230911_195324   |   33.90   21.60    55.50 |  2.932e+05  1.868e+05  4.800e+05 |     52.62     53.10 |   -0.48   -0.91%
GW230920_071124   |   32.40   23.80    56.20 |  2.802e+05  2.058e+05  4.860e+05 |     53.28     53.80 |   -0.52   -0.97%
GW230811_032116   |   35.40   22.30    57.70 |  3.061e+05  1.928e+05  4.990e+05 |     54.78     55.30 |   -0.52   -0.94%
GW230702_185453   |   40.00   18.00    58.00 |  3.459e+05  1.557e+05  5.016e+05 |     55.16     57.00 |   -1.84   -3.22%
GW230930_110730   |   34.50   24.40    58.90 |  2.984e+05  2.110e+05  5.094e+05 |     55.94     56.30 |   -0.36   -0.64%
GW230628_231200   |   32.50   27.00    59.50 |  2.811e+05  2.335e+05  5.145e+05 |     56.51     56.40 |   +0.11   +0.20%
GW230609_064958   |   35.40   25.20    60.60 |  3.061e+05  2.179e+05  5.241e+05 |     57.61     58.00 |   -0.39   -0.67%
GW230814_230901   |   33.70   28.20    61.90 |  2.914e+05  2.439e+05  5.353e+05 |     58.87     59.00 |   -0.13   -0.22%
GW230927_043729   |   35.00   27.10    62.10 |  3.027e+05  2.344e+05  5.370e+05 |     59.07     59.00 |   +0.07   +0.13%
GW231213_111417   |   35.60   27.20    62.80 |  3.079e+05  2.352e+05  5.431e+05 |     59.77     59.60 |   +0.17   +0.28%
GW230606_004305   |   37.60   25.70    63.30 |  3.252e+05  2.222e+05  5.474e+05 |     60.27     60.80 |   -0.53   -0.87%
GW230726_002940   |   35.60   27.90    63.50 |  3.079e+05  2.413e+05  5.491e+05 |     60.45     60.60 |   -0.15   -0.25%
GW231206_233134   |   35.60   28.20    63.80 |  3.079e+05  2.439e+05  5.517e+05 |     60.74     60.60 |   +0.14   +0.24%
GW231206_233901   |   37.60   28.50    66.10 |  3.252e+05  2.465e+05  5.716e+05 |     63.01     63.10 |   -0.09   -0.14%
GW231113_122623   |   39.80   26.40    66.20 |  3.442e+05  2.283e+05  5.725e+05 |     63.13     63.00 |   +0.13   +0.21%
GW230922_020344   |   39.30   29.20    68.50 |  3.399e+05  2.525e+05  5.924e+05 |     65.38     65.40 |   -0.02   -0.03%
GW231129_081745   |   45.00   23.80    68.80 |  3.892e+05  2.058e+05  5.950e+05 |     65.75     66.00 |   -0.25   -0.38%
GW231008_142521   |   45.00   25.60    70.60 |  3.892e+05  2.214e+05  6.105e+05 |     67.50     69.00 |   -1.50   -2.17%
GW230825_041334   |   44.00   27.20    71.20 |  3.805e+05  2.352e+05  6.157e+05 |     68.07     67.00 |   +1.07   +1.60%
GW231118_071402   |   43.00   29.00    72.00 |  3.719e+05  2.508e+05  6.226e+05 |     68.84     69.00 |   -0.16   -0.23%
GW230831_015414   |   42.00   30.00    72.00 |  3.632e+05  2.594e+05  6.226e+05 |     68.83     69.00 |   -0.17   -0.24%
GW230803_033412   |   44.00   29.00    73.00 |  3.805e+05  2.508e+05  6.313e+05 |     69.83     70.00 |   -0.17   -0.24%
GW231127_165300   |   45.00   28.00    73.00 |  3.892e+05  2.421e+05  6.313e+05 |     69.84     71.00 |   -1.16   -1.63%
GW240104_164932   |   42.30   32.20    74.50 |  3.658e+05  2.785e+05  6.443e+05 |     71.29     70.70 |   +0.59   +0.83%
GW230709_122727   |   45.00   30.00    75.00 |  3.892e+05  2.594e+05  6.486e+05 |     71.80     71.00 |   +0.80   +1.13%
GW231226_101520   |   40.20   35.10    75.30 |  3.476e+05  3.035e+05  6.512e+05 |     72.06     71.60 |   +0.46   +0.65%
GW231221_135041   |   47.00   29.00    76.00 |  4.064e+05  2.508e+05  6.572e+05 |     72.80     73.00 |   -0.20   -0.27%
GW231223_032836   |   46.00   31.00    77.00 |  3.978e+05  2.681e+05  6.659e+05 |     73.77     73.00 |   +0.77   +1.06%
GW230608_205047   |   48.00   31.00    79.00 |  4.151e+05  2.681e+05  6.832e+05 |     75.75     75.00 |   +0.75   +1.00%
GW231119_075248   |   49.00   33.00    82.00 |  4.237e+05  2.854e+05  7.091e+05 |     78.70     79.00 |   -0.30   -0.38%
GW230707_124047   |   46.10   36.30    82.40 |  3.987e+05  3.139e+05  7.126e+05 |     79.07     78.00 |   +1.07   +1.38%
GW230928_215827   |   54.00   29.00    83.00 |  4.670e+05  2.508e+05  7.178e+05 |     79.75     79.00 |   +0.75   +0.94%
GW230630_125806   |   51.00   33.00    84.00 |  4.410e+05  2.854e+05  7.264e+05 |     80.69     80.00 |   +0.69   +0.86%
GW230806_204041   |   51.00   35.00    86.00 |  4.410e+05  3.027e+05  7.437e+05 |     82.65     82.00 |   +0.65   +0.79%
GW231230_170116   |   53.00   35.00    88.00 |  4.583e+05  3.027e+05  7.610e+05 |     84.63     86.00 |   -1.37   -1.59%
GW230824_033047   |   53.00   36.00    89.00 |  4.583e+05  3.113e+05  7.697e+05 |     85.61     84.00 |   +1.61   +1.92%
GW240107_013215   |   59.00   33.00    92.00 |  5.102e+05  2.854e+05  7.956e+05 |     88.62     87.00 |   +1.62   +1.86%
GW230820_212515   |   62.00   34.00    96.00 |  5.362e+05  2.940e+05  8.302e+05 |     92.58     92.00 |   +0.58   +0.63%
GW230914_111401   |   60.00   37.00    97.00 |  5.189e+05  3.200e+05  8.388e+05 |     93.53     91.20 |   +2.33   +2.56%
GW231004_232346   |   64.00   35.00    99.00 |  5.535e+05  3.027e+05  8.561e+05 |     95.54     96.00 |   -0.46   -0.48%
GW231102_071736   |   61.00   42.00   103.00 |  5.275e+05  3.632e+05  8.907e+05 |     99.44     98.00 |   +1.44   +1.47%
GW230708_230935   |   64.00   40.00   104.00 |  5.535e+05  3.459e+05  8.994e+05 |    100.45     99.00 |   +1.45   +1.46%
GW230819_171910   |   70.00   35.00   105.00 |  6.053e+05  3.027e+05  9.080e+05 |    101.50    102.00 |   -0.50   -0.49%
GW231029_111508   |   65.00   42.00   107.00 |  5.621e+05  3.632e+05  9.253e+05 |    103.41    101.00 |   +2.41   +2.38%
GW230601_224134   |   64.00   44.00   108.00 |  5.535e+05  3.805e+05  9.340e+05 |    104.38    102.00 |   +2.38   +2.34%
GW230814_061920   |   69.00   42.00   111.00 |  5.967e+05  3.632e+05  9.599e+05 |    107.38    106.00 |   +1.38   +1.30%
GW231001_140220   |   76.00   41.00   117.00 |  6.572e+05  3.546e+05  1.012e+06 |    113.35    111.00 |   +2.35   +2.12%
GW230922_040658   |   76.00   51.00   127.00 |  6.572e+05  4.410e+05  1.098e+06 |    123.19    119.00 |   +4.19   +3.52%
GW231005_021030   |   84.00   50.00   134.00 |  7.264e+05  4.324e+05  1.159e+06 |    130.15    127.00 |   +3.15   +2.48%
GW230704_212616   |   89.00   50.00   139.00 |  7.697e+05  4.324e+05  1.202e+06 |    135.12    132.00 |   +3.12   +2.36%
GW231028_153006   |   94.00   59.00   153.00 |  8.129e+05  5.102e+05  1.323e+06 |    148.96    144.00 |   +4.96   +3.44%
GW231123_135430   |  137.00  101.00   238.00 |  1.185e+06  8.734e+05  2.058e+06 |    233.28    222.00 |  +11.28   +5.08%
