CVnIdwA  Data  2.590000  21.930000  0.073359  0.034701 0.124487
CVnIdwA  Data  2.590000  21.930000  0.285714  0.147834 0.081623
CVnIdwA  Data  2.590000  21.930000  0.359073  0.273187 0.083447
CVnIdwA  Data  2.590000  21.930000  0.428571  0.392886 0.073415
CVnIdwA  Data  2.590000  21.930000  0.501930  0.503374 0.074327
CVnIdwA  Data  2.590000  21.930000  0.571429  0.708026 0.076607
CVnIdwA  Data  2.590000  21.930000  0.644788  0.901550 0.077519
CVnIdwA  Data  2.590000  21.930000  0.714286  1.030825 0.100319
CVnIdwA  Data  2.590000  21.930000  0.787645  1.135978 0.123575
CVnIdwA  Data  2.590000  21.930000  0.857143  1.111582 0.090287
CVnIdwA  Data  2.590000  21.930000  0.930502  1.008983 0.113087
CVnIdwA  Data  2.590000  21.930000  1.000000  1.000000 0.093935
CVnIdwA  Model 2.960000  24.663900  0.064189  0.093545 0.110688
CVnIdwA  Model 2.960000  24.663900  0.125000  0.180833 0.092037
CVnIdwA  Model 2.960000  24.663900  0.189189  0.270283 0.083523
CVnIdwA  Model 2.960000  24.663900  0.250000  0.351504 0.072576
CVnIdwA  Model 2.960000  24.663900  0.314189  0.432746 0.074198
CVnIdwA  Model 2.960000  24.663900  0.375000  0.505017 0.065278
CVnIdwA  Model 2.960000  24.663900  0.439189  0.576121 0.066088
CVnIdwA  Model 2.960000  24.663900  0.500000  0.638565 0.068116
CVnIdwA  Model 2.960000  24.663900  0.564189  0.699431 0.068927
CVnIdwA  Model 2.960000  24.663900  0.625000  0.752545 0.089199
CVnIdwA  Model 2.960000  24.663900  0.689189  0.804119 0.109877
CVnIdwA  Model 2.960000  24.663900  0.750000  0.849047 0.080279
CVnIdwA  Model 2.960000  24.663900  0.814189  0.892657 0.100552
CVnIdwA  Model 2.960000  24.663900  0.875000  0.930684 0.083523
CVnIdwA  Model 2.960000  24.663900  0.939189  0.967669 0.078657
CVnIdwA  Model 2.960000  24.663900  1.000000  1.000000 0.068521
DDO_210  Data  0.310000  10.637000  0.129032  0.253455 0.078970
DDO_210  Data  0.310000  10.637000  0.258065  0.372003 0.068628
DDO_210  Data  0.310000  10.637000  0.387097  0.488108 0.065808
DDO_210  Data  0.310000  10.637000  0.516129  0.574880 0.057347
DDO_210  Data  0.310000  10.637000  0.645161  0.643603 0.063928
DDO_210  Data  0.310000  10.637000  0.774194  0.762057 0.062048
DDO_210  Data  0.310000  10.637000  0.870968  0.844881 0.070509
DDO_210  Data  0.310000  10.637000  1.000000  1.000000 0.082730
DDO_210  Model 0.310000   9.682360  0.129032  0.187591 0.086756
DDO_210  Model 0.310000   9.682360  0.258065  0.363757 0.075395
DDO_210  Model 0.310000   9.682360  0.387097  0.520901 0.072296
DDO_210  Model 0.310000   9.682360  0.516129  0.656305 0.063001
DDO_210  Model 0.310000   9.682360  0.645161  0.770813 0.070231
DDO_210  Model 0.310000   9.682360  0.774194  0.866980 0.068165
DDO_210  Model 0.310000   9.682360  0.870968  0.928867 0.077460
DDO_210  Model 0.310000   9.682360  1.000000  1.000000 0.090887
DDO_216  Data  0.485323  12.235953  0.185444  0.267981 0.328540
DDO_216  Data  0.485323  12.235953  0.350282  0.681761 0.224748
DDO_216  Data  0.485323  12.235953  0.535726  0.755560 0.210037
DDO_216  Data  0.485323  12.235953  0.700565  0.887303 0.190422
DDO_216  Data  0.485323  12.235953  0.886008  0.957098 0.156915
DDO_216  Data  0.485323  12.235953  1.071452  0.874963 0.162635
DDO_216  Data  0.485323  12.235953  1.236290  0.853305 0.197778
DDO_216  Data  0.485323  12.235953  1.421734  0.856329 0.208402
DDO_216  Data  0.485323  12.235953  1.586573  0.953910 0.204316
DDO_216  Data  0.485323  12.235953  1.772016  0.972707 0.205133
DDO_216  Data  0.485323  12.235953  1.936855  1.047569 0.196961
DDO_216  Data  0.485323  12.235953  2.122298  1.182090 0.259073
DDO_216  Data  0.485323  12.235953  2.307742  1.394742 0.267245
DDO_216  Model 0.485048  11.497328  0.185548  0.409326 0.349646
DDO_216  Model 0.485048  11.497328  0.350480  0.646459 0.239186
DDO_216  Model 0.485048  11.497328  0.536029  0.804925 0.223530
DDO_216  Model 0.485048  11.497328  0.700961  0.892807 0.202656
DDO_216  Model 0.485048  11.497328  0.886509  0.959319 0.166995
DDO_216  Model 0.485048  11.497328  1.072058  1.005790 0.173084
DDO_216  Model 0.485048  11.497328  1.236990  1.036597 0.210484
DDO_216  Model 0.485048  11.497328  1.422538  1.063447 0.221791
DDO_216  Model 0.485048  11.497328  1.587470  1.082425 0.217442
DDO_216  Model 0.485048  11.497328  1.773019  1.099821 0.218312
DDO_216  Model 0.485048  11.497328  1.937951  1.112641 0.209614
DDO_216  Model 0.485048  11.497328  2.123499  1.124801 0.275716
DDO_216  Model 0.485048  11.497328  2.309048  1.135090 0.284414
DDO_53   Data  1.204760  26.903658  0.182609  0.178191 0.096269
DDO_53   Data  1.204760  26.903658  0.282214  0.166371 0.109651
DDO_53   Data  1.204760  26.903658  0.373518  0.316128 0.118943
DDO_53   Data  1.204760  26.903658  0.464823  0.472538 0.104075
DDO_53   Data  1.204760  26.903658  0.556127  0.470159 0.084003
DDO_53   Data  1.204760  26.903658  0.647432  0.570480 0.083260
DDO_53   Data  1.204760  26.903658  0.738736  0.710610 0.119686
DDO_53   Data  1.204760  26.903658  0.838341  0.850033 0.124890
DDO_53   Data  1.204760  26.903658  0.929645  0.948904 0.137899
DDO_53   Data  1.204760  26.903658  1.020950  1.015215 0.154254
DDO_53   Data  1.204760  26.903658  1.112255  0.996556 0.130466
DDO_53   Data  1.204760  26.903658  1.203559  0.812975 0.145705
DDO_53   Data  1.204760  26.903658  1.294863  0.443769 0.189937
DDO_53   Model 1.450000  27.705500  0.075862  0.084572 0.056307
DDO_53   Model 1.450000  27.705500  0.151724  0.168774 0.093483
DDO_53   Model 1.450000  27.705500  0.234483  0.259786 0.106477
DDO_53   Model 1.450000  27.705500  0.310345  0.342075 0.115501
DDO_53   Model 1.450000  27.705500  0.386207  0.422956 0.101063
DDO_53   Model 1.450000  27.705500  0.462069  0.502146 0.081572
DDO_53   Model 1.450000  27.705500  0.537931  0.579416 0.080850
DDO_53   Model 1.450000  27.705500  0.613793  0.654567 0.116222
DDO_53   Model 1.450000  27.705500  0.696552  0.733948 0.121276
DDO_53   Model 1.450000  27.705500  0.772414  0.804212 0.133908
DDO_53   Model 1.450000  27.705500  0.848276  0.871997 0.149790
DDO_53   Model 1.450000  27.705500  0.924138  0.937265 0.126690
DDO_53   Model 1.450000  27.705500  1.000000  1.000000 0.141488
DDO_70   Data  1.366338  30.632708  0.058551  0.120820 0.060393
DDO_70   Data  1.366338  30.632708  0.124420  0.250614 0.045376
DDO_70   Data  1.366338  30.632708  0.182971  0.356459 0.057128
DDO_70   Data  1.366338  30.632708  0.241522  0.451335 0.073777
DDO_70   Data  1.366338  30.632708  0.307391  0.544549 0.096955
DDO_70   Data  1.366338  30.632708  0.365942  0.616123 0.116869
DDO_70   Data  1.366338  30.632708  0.424492  0.678255 0.118501
DDO_70   Data  1.366338  30.632708  0.490362  0.738443 0.102505
DDO_70   Data  1.366338  30.632708  0.548912  0.784629 0.089773
DDO_70   Data  1.366338  30.632708  0.607463  0.825036 0.080306
DDO_70   Data  1.366338  30.632708  0.673333  0.864693 0.080306
DDO_70   Data  1.366338  30.632708  0.731883  0.895615 0.088141
DDO_70   Data  1.366338  30.632708  0.790434  0.923098 0.098261
DDO_70   Data  1.366338  30.632708  0.848985  0.947650 0.097608
DDO_70   Data  1.366338  30.632708  0.914854  0.972291 0.095649
DDO_70   Data  1.366338  30.632708  0.973405  0.991920 0.102178
DDO_70   Data  1.366338  30.632708  1.031955  1.009708 0.107075
DDO_70   Data  1.366338  30.632708  1.097825  1.027813 0.104790
DDO_70   Data  1.366338  30.632708  1.156376  1.042435 0.097282
DDO_70   Data  1.366338  30.632708  1.214926  1.055842 0.085856
DDO_70   Data  1.366338  30.632708  1.280796  1.069648 0.084550
DDO_70   Data  1.366338  30.632708  1.339347  1.080920 0.089773
DDO_70   Data  1.366338  30.632708  1.397897  1.091353 0.102831
DDO_70   Data  1.366338  30.632708  1.463767  1.102201 0.107075
DDO_70   Model 1.830000  38.700001  0.043716  0.095634 0.047804
DDO_70   Model 1.830000  38.700001  0.092896  0.198372 0.035917
DDO_70   Model 1.830000  38.700001  0.136612  0.282152 0.045220
DDO_70   Model 1.830000  38.700001  0.180328  0.357251 0.058398
DDO_70   Model 1.830000  38.700001  0.229508  0.431034 0.076744
DDO_70   Model 1.830000  38.700001  0.273224  0.487687 0.092506
DDO_70   Model 1.830000  38.700001  0.316940  0.536868 0.093798
DDO_70   Model 1.830000  38.700001  0.366120  0.584509 0.081137
DDO_70   Model 1.830000  38.700001  0.409836  0.621067 0.071059
DDO_70   Model 1.830000  38.700001  0.453552  0.653052 0.063566
DDO_70   Model 1.830000  38.700001  0.502732  0.684442 0.063566
DDO_70   Model 1.830000  38.700001  0.546448  0.708917 0.069767
DDO_70   Model 1.830000  38.700001  0.590164  0.730672 0.077778
DDO_70   Model 1.830000  38.700001  0.633880  0.750106 0.077261
DDO_70   Model 1.830000  38.700001  0.683060  0.769610 0.075711
DDO_70   Model 1.830000  38.700001  0.726776  0.785147 0.080879
DDO_70   Model 1.830000  38.700001  0.770492  0.799227 0.084755
DDO_70   Model 1.830000  38.700001  0.819672  0.813558 0.082946
DDO_70   Model 1.830000  38.700001  0.863388  0.825132 0.077003
DDO_70   Model 1.830000  38.700001  0.907104  0.835744 0.067959
DDO_70   Model 1.830000  38.700001  0.956284  0.846672 0.066925
DDO_70   Model 1.830000  38.700001  1.000000  0.855594 0.071059
DDO_70   Model 1.830000  38.700001  1.043716  0.863853 0.081395
DDO_70   Model 1.830000  38.700001  1.092896  0.872439 0.084755
IC_10    Data  0.540000  13.412000  0.259259  0.708321 0.585297
IC_10    Data  0.540000  13.412000  0.296296  0.519013 0.583806
IC_10    Data  0.540000  13.412000  0.333333  0.771921 0.685953
IC_10    Data  0.540000  13.412000  0.370370  0.679690 0.688190
IC_10    Data  0.540000  13.412000  0.407407  0.499702 0.652401
IC_10    Data  0.540000  13.412000  0.444444  0.933269 0.683716
IC_10    Data  0.540000  13.412000  0.481481  1.055845 0.674023
IC_10    Data  0.540000  13.412000  0.518519  1.251118 0.591262
IC_10    Data  0.540000  13.412000  0.555556  1.346257 0.478676
IC_10    Data  0.540000  13.412000  0.592593  1.378467 0.441396
IC_10    Data  0.540000  13.412000  0.629630  1.306442 0.483149
IC_10    Data  0.540000  13.412000  0.666667  1.155309 0.457053
IC_10    Data  0.540000  13.412000  0.703704  0.654339 0.512228
IC_10    Data  0.540000  13.412000  0.740741  0.832538 0.567402
IC_10    Data  0.540000  13.412000  0.777778  0.945571 0.606919
IC_10    Data  0.540000  13.412000  0.814815  1.047495 0.619594
IC_10    Data  0.540000  13.412000  0.851852  1.190277 0.608410
IC_10    Data  0.540000  13.412000  0.888889  1.272517 0.561438
IC_10    Data  0.540000  13.412000  0.925926  1.175291 0.548762
IC_10    Data  0.540000  13.412000  0.962963  1.208396 0.477930
IC_10    Data  0.540000  13.412000  1.000000  1.000000 0.509245
IC_10    Model 0.511329  18.181055  0.117341  0.191095 0.699079
IC_10    Model 0.511329  18.181055  0.156455  0.252145 0.588525
IC_10    Model 0.511329  18.181055  0.195569  0.311108 0.541773
IC_10    Model 0.511329  18.181055  0.234682  0.367663 0.535172
IC_10    Model 0.511329  18.181055  0.273796  0.421583 0.431768
IC_10    Model 0.511329  18.181055  0.312910  0.472736 0.430668
IC_10    Model 0.511329  18.181055  0.352024  0.521065 0.506021
IC_10    Model 0.511329  18.181055  0.391137  0.566584 0.507671
IC_10    Model 0.511329  18.181055  0.430251  0.609349 0.481270
IC_10    Model 0.511329  18.181055  0.469365  0.649456 0.504371
IC_10    Model 0.511329  18.181055  0.508479  0.687034 0.497221
IC_10    Model 0.511329  18.181055  0.547592  0.722213 0.436168
IC_10    Model 0.511329  18.181055  0.586706  0.755149 0.353115
IC_10    Model 0.511329  18.181055  0.625820  0.785977 0.325614
IC_10    Model 0.511329  18.181055  0.664934  0.814848 0.356415
IC_10    Model 0.511329  18.181055  0.704048  0.841898 0.337164
IC_10    Model 0.511329  18.181055  0.743161  0.867265 0.377866
IC_10    Model 0.511329  18.181055  0.782275  0.891076 0.418568
IC_10    Model 0.511329  18.181055  0.821389  0.913445 0.447719
IC_10    Model 0.511329  18.181055  0.860502  0.934484 0.457069
IC_10    Model 0.511329  18.181055  0.899616  0.954290 0.448819
IC_10    Model 0.511329  18.181055  0.938730  0.972958 0.414167
IC_10    Model 0.511329  18.181055  0.977844  0.990575 0.404817
IC_10    Model 0.511329  18.181055  1.016957  1.007213 0.352565
IC_10    Model 0.511329  18.181055  1.056071  1.022955 0.375666
IC_1613  Data  2.000000  15.597000  0.070000  0.268449 0.053857
IC_1613  Data  2.000000  15.597000  0.085000  0.322883 0.170546
IC_1613  Data  2.000000  15.597000  0.095000  0.447907 0.107072
IC_1613  Data  2.000000  15.597000  0.105000  0.398474 0.088479
IC_1613  Data  2.000000  15.597000  0.120000  0.318523 0.123101
IC_1613  Data  2.000000  15.597000  0.130000  0.349106 0.119895
IC_1613  Data  2.000000  15.597000  0.145000  0.342053 0.134000
IC_1613  Data  2.000000  15.597000  0.155000  0.330576 0.115407
IC_1613  Data  2.000000  15.597000  0.165000  0.338142 0.125024
IC_1613  Data  2.000000  15.597000  0.180000  0.334487 0.150670
IC_1613  Data  2.000000  15.597000  0.190000  0.312752 0.180163
IC_1613  Data  2.000000  15.597000  0.200000  0.293774 0.174393
IC_1613  Data  2.000000  15.597000  0.215000  0.238251 0.173751
IC_1613  Data  2.000000  15.597000  0.225000  0.133423 0.160287
IC_1613  Data  2.000000  15.597000  0.250000  0.113996 0.150029
IC_1613  Data  2.000000  15.597000  0.260000  0.249792 0.148747
IC_1613  Data  2.000000  15.597000  0.275000  0.380714 0.150029
IC_1613  Data  2.000000  15.597000  0.285000  0.338206 0.151311
IC_1613  Data  2.000000  15.597000  0.295000  0.263256 0.154517
IC_1613  Data  2.000000  15.597000  0.310000  0.227928 0.134000
IC_1613  Data  2.000000  15.597000  0.320000  0.103161 0.121818
IC_1613  Data  2.000000  15.597000  0.335000  0.054113 0.128230
IC_1613  Data  2.000000  15.597000  0.450000  0.240431 0.132077
IC_1613  Data  2.000000  15.597000  0.465000  0.378919 0.137847
IC_1613  Data  2.000000  15.597000  0.475000  0.391486 0.144259
IC_1613  Data  2.000000  15.597000  0.485000  0.430211 0.134641
IC_1613  Data  2.000000  15.597000  0.500000  0.347695 0.124383
IC_1613  Data  2.000000  15.597000  0.510000  0.353850 0.105790
IC_1613  Data  2.000000  15.597000  0.525000  0.316984 0.104507
IC_1613  Data  2.000000  15.597000  0.535000  0.209015 0.106431
IC_1613  Data  2.000000  15.597000  0.570000  0.118677 0.123101
IC_1613  Data  2.000000  15.597000  0.580000  0.301532 0.127589
IC_1613  Data  2.000000  15.597000  0.595000  0.256395 0.125024
IC_1613  Data  2.000000  15.597000  0.605000  0.221902 0.132718
IC_1613  Data  2.000000  15.597000  0.630000  0.086170 0.127589
IC_1613  Data  2.000000  15.597000  0.725000  0.157851 0.127589
IC_1613  Data  2.000000  15.597000  0.735000  0.244919 0.125024
IC_1613  Data  2.000000  15.597000  0.750000  0.313009 0.121818
IC_1613  Data  2.000000  15.597000  0.760000  0.366545 0.119895
IC_1613  Data  2.000000  15.597000  0.770000  0.450022 0.123101
IC_1613  Data  2.000000  15.597000  0.785000  0.465795 0.133359
IC_1613  Data  2.000000  15.597000  0.795000  0.479195 0.130794
IC_1613  Data  2.000000  15.597000  0.810000  0.515291 0.121818
IC_1613  Data  2.000000  15.597000  0.820000  0.570751 0.121177
IC_1613  Data  2.000000  15.597000  0.830000  0.633519 0.124383
IC_1613  Data  2.000000  15.597000  0.845000  0.692249 0.123101
IC_1613  Data  2.000000  15.597000  0.855000  0.729179 0.128230
IC_1613  Data  2.000000  15.597000  0.865000  0.753991 0.133359
IC_1613  Data  2.000000  15.597000  0.880000  0.781496 0.143617
IC_1613  Data  2.000000  15.597000  0.890000  0.862794 0.137847
IC_1613  Data  2.000000  15.597000  0.905000  0.902481 0.137847
IC_1613  Data  2.000000  15.597000  0.915000  0.864012 0.137847
IC_1613  Data  2.000000  15.597000  0.925000  0.892415 0.134000
IC_1613  Data  2.000000  15.597000  0.940000  0.901199 0.136565
IC_1613  Data  2.000000  15.597000  0.950000  0.886709 0.135924
IC_1613  Data  2.000000  15.597000  0.960000  0.920049 0.132077
IC_1613  Data  2.000000  15.597000  0.975000  0.899917 0.137847
IC_1613  Data  2.000000  15.597000  0.985000  0.968007 0.139129
IC_1613  Data  2.000000  15.597000  1.000000  1.000000 0.142976
IC_1613  Data  2.000000  15.597000  1.010000  0.985574 0.131436
IC_1613  Data  2.000000  15.597000  1.020000  0.969930 0.140412
IC_1613  Data  2.000000  15.597000  1.035000  1.008207 0.147464
IC_1613  Data  2.000000  15.597000  1.045000  1.014618 0.147464
IC_1613  Data  2.000000  15.597000  1.055000  0.995704 0.153235
IC_1613  Data  2.000000  15.597000  1.070000  0.991088 0.148747
IC_1613  Data  2.000000  15.597000  1.080000  1.016990 0.146182
IC_1613  Data  2.000000  15.597000  1.095000  1.020260 0.152593
IC_1613  Data  2.000000  15.597000  1.105000  0.993332 0.145541
IC_1613  Data  2.000000  15.597000  1.115000  0.978201 0.148105
IC_1613  Data  2.000000  15.597000  1.130000  1.026287 0.159646
IC_1613  Data  2.000000  15.597000  1.140000  0.989165 0.153876
IC_1613  Data  2.000000  15.597000  1.150000  0.992563 0.152593
IC_1613  Data  2.000000  15.597000  1.165000  0.966789 0.144259
IC_1613  Data  2.000000  15.597000  1.175000  0.882542 0.151311
IC_1613  Data  2.000000  15.597000  1.190000  0.891454 0.164134
IC_1613  Data  2.000000  15.597000  1.200000  0.883952 0.155799
IC_1613  Data  2.000000  15.597000  1.210000  0.847022 0.160928
IC_1613  Data  2.000000  15.597000  1.225000  0.852920 0.142335
IC_1613  Data  2.000000  15.597000  1.235000  0.854139 0.149388
IC_1613  Data  2.000000  15.597000  1.245000  0.854010 0.140412
IC_1613  Data  2.000000  15.597000  1.260000  0.806501 0.146823
IC_1613  Data  2.000000  15.597000  1.270000  0.738796 0.147464
IC_1613  Data  2.000000  15.597000  1.285000  0.700840 0.156440
IC_1613  Data  2.000000  15.597000  1.295000  0.736872 0.142335
IC_1613  Data  2.000000  15.597000  1.305000  0.665641 0.144259
IC_1613  Data  2.000000  15.597000  1.320000  0.702186 0.144900
IC_1613  Data  2.000000  15.597000  1.330000  0.456242 0.143617
IC_1613  Data  2.000000  15.597000  1.340000  0.495736 0.133359
IC_1613  Data  2.000000  15.597000  1.355000  0.470219 0.130153
IC_1613  Model 0.512602   6.763535  0.273116  0.504918 0.124195
IC_1613  Model 0.512602   6.763535  0.331641  0.582469 0.393285
IC_1613  Model 0.512602   6.763535  0.370658  0.628281 0.246912
IC_1613  Model 0.512602   6.763535  0.409675  0.669842 0.204035
IC_1613  Model 0.512602   6.763535  0.468200  0.725102 0.283875
IC_1613  Model 0.512602   6.763535  0.507216  0.757786 0.276483
IC_1613  Model 0.512602   6.763535  0.565741  0.801457 0.309010
IC_1613  Model 0.512602   6.763535  0.604758  0.827452 0.266133
IC_1613  Model 0.512602   6.763535  0.643775  0.851269 0.288311
IC_1613  Model 0.512602   6.763535  0.702300  0.883420 0.347451
IC_1613  Model 0.512602   6.763535  0.741316  0.902763 0.415463
IC_1613  Model 0.512602   6.763535  0.780333  0.920637 0.402157
IC_1613  Model 0.512602   6.763535  0.838858  0.945019 0.400678
IC_1613  Model 0.512602   6.763535  0.877874  0.959841 0.369629
IC_1613  Model 0.512602   6.763535  0.936399  0.980197 0.375543
IC_1613  Model 0.512602   6.763535  0.975416  0.992653 0.345973
IC_1613  Model 0.512602   6.763535  1.014433  1.004314 0.343016
IC_1613  Model 0.512602   6.763535  1.072958  1.020463 0.345973
IC_1613  Model 0.512602   6.763535  1.111974  1.030427 0.348930
IC_1613  Model 0.512602   6.763535  1.150991  1.039811 0.356323
IC_1613  Model 0.512602   6.763535  1.209516  1.052904 0.309010
IC_1613  Model 0.512602   6.763535  1.248533  1.061037 0.280918
IC_1613  Model 0.512602   6.763535  1.307057  1.072435 0.295703
IC_1613  Model 0.512602   6.763535  1.346074  1.079546 0.320838
IC_1613  Model 0.512602   6.763535  1.385091  1.086300 0.311967
IC_1613  Model 0.512602   6.763535  1.443616  1.095820 0.329709
IC_1613  Model 0.512602   6.763535  1.482632  1.101791 0.306053
IC_1613  Model 0.512602   6.763535  1.521649  1.107486 0.303096
IC_1613  Model 0.512602   6.763535  1.580174  1.115548 0.322317
IC_1613  Model 0.512602   6.763535  1.619191  1.120628 0.326752
IC_1613  Model 0.512602   6.763535  1.677716  1.127844 0.303096
IC_1613  Model 0.512602   6.763535  1.716732  1.132403 0.303096
IC_1613  Model 0.512602   6.763535  1.755749  1.136777 0.304574
IC_1613  Model 0.512602   6.763535  1.814274  1.143010 0.317881
IC_1613  Model 0.512602   6.763535  1.853290  1.146964 0.332666
IC_1613  Model 0.512602   6.763535  1.892307  1.150766 0.310489
IC_1613  Model 0.512602   6.763535  1.950832  1.156205 0.286832
IC_1613  Model 0.512602   6.763535  1.989849  1.159664 0.243955
IC_1613  Model 0.512602   6.763535  2.048373  1.164623 0.240998
IC_1613  Model 0.512602   6.763535  2.087390  1.167784 0.245434
IC_1613  Model 0.512602   6.763535  2.126407  1.170836 0.263176
IC_1613  Model 0.512602   6.763535  2.184932  1.175223 0.269090
IC_1613  Model 0.512602   6.763535  2.223948  1.178026 0.283875
IC_1613  Model 0.512602   6.763535  2.262965  1.180739 0.294225
IC_1613  Model 0.512602   6.763535  2.321490  1.184645 0.288311
IC_1613  Model 0.512602   6.763535  2.360507  1.187148 0.306053
IC_1613  Model 0.512602   6.763535  2.419032  1.190760 0.286832
IC_1613  Model 0.512602   6.763535  2.458048  1.193077 0.294225
IC_1613  Model 0.512602   6.763535  2.497065  1.195325 0.311967
IC_1613  Model 0.512602   6.763535  2.555590  1.198574 0.314924
IC_1613  Model 0.512602   6.763535  2.594607  1.200662 0.304574
IC_1613  Model 0.512602   6.763535  2.633623  1.202692 0.309010
IC_1613  Model 0.512602   6.763535  2.692148  1.205633 0.316403
IC_1613  Model 0.512602   6.763535  2.731165  1.207525 0.295703
IC_1613  Model 0.512602   6.763535  2.789690  1.210270 0.298660
IC_1613  Model 0.512602   6.763535  2.828707  1.212038 0.294225
IC_1613  Model 0.512602   6.763535  2.867723  1.213762 0.288311
IC_1613  Model 0.512602   6.763535  2.926248  1.216263 0.280918
IC_1613  Model 0.512602   6.763535  2.965265  1.217879 0.276483
IC_1613  Model 0.512602   6.763535  3.004281  1.219454 0.283875
IC_1613  Model 0.512602   6.763535  3.062806  1.221744 0.307531
IC_1613  Model 0.512602   6.763535  3.101823  1.223224 0.301617
IC_1613  Model 0.512602   6.763535  3.160348  1.225380 0.280918
IC_1613  Model 0.512602   6.763535  3.199364  1.226774 0.279440
IC_1613  Model 0.512602   6.763535  3.238381  1.228137 0.286832
IC_1613  Model 0.512602   6.763535  3.296906  1.230121 0.283875
IC_1613  Model 0.512602   6.763535  3.335923  1.231408 0.295703
IC_1613  Model 0.512602   6.763535  3.374939  1.232664 0.307531
IC_1613  Model 0.512602   6.763535  3.433464  1.234499 0.331188
IC_1613  Model 0.512602   6.763535  3.472481  1.235688 0.317881
IC_1613  Model 0.512602   6.763535  3.531006  1.237425 0.317881
IC_1613  Model 0.512602   6.763535  3.570023  1.238552 0.317881
IC_1613  Model 0.512602   6.763535  3.609039  1.239655 0.309010
IC_1613  Model 0.512602   6.763535  3.667564  1.241268 0.314924
IC_1613  Model 0.512602   6.763535  3.706581  1.242316 0.313446
IC_1613  Model 0.512602   6.763535  3.745597  1.243343 0.304574
IC_1613  Model 0.512602   6.763535  3.804122  1.244845 0.317881
IC_1613  Model 0.512602   6.763535  3.843139  1.245820 0.320838
IC_1613  Model 0.512602   6.763535  3.901664  1.247249 0.329709
IC_1613  Model 0.512602   6.763535  3.940681  1.248179 0.303096
IC_1613  Model 0.512602   6.763535  3.979697  1.249091 0.323795
IC_1613  Model 0.512602   6.763535  4.038222  1.250426 0.340059
IC_1613  Model 0.512602   6.763535  4.077239  1.251297 0.340059
IC_1613  Model 0.512602   6.763535  4.116255  1.252150 0.353366
IC_1613  Model 0.512602   6.763535  4.174781  1.253402 0.343016
IC_1613  Model 0.512602   6.763535  4.213798  1.254217 0.337102
IC_1613  Model 0.512602   6.763535  4.272322  1.255413 0.351887
IC_1613  Model 0.512602   6.763535  4.311339  1.256194 0.335623
IC_1613  Model 0.512602   6.763535  4.350356  1.256960 0.341537
IC_1613  Model 0.512602   6.763535  4.408880  1.258085 0.368151
IC_1613  Model 0.512602   6.763535  4.447897  1.258818 0.354844
IC_1613  Model 0.512602   6.763535  4.486914  1.259540 0.351887
IC_1613  Model 0.512602   6.763535  4.545438  1.260598 0.332666
IC_1613  Model 0.512602   6.763535  4.584455  1.261290 0.348930
IC_1613  Model 0.512602   6.763535  4.642981  1.262306 0.378500
IC_1613  Model 0.512602   6.763535  4.681997  1.262970 0.359280
IC_1613  Model 0.512602   6.763535  4.721014  1.263622 0.371108
IC_1613  Model 0.512602   6.763535  4.779539  1.264581 0.328231
IC_1613  Model 0.512602   6.763535  4.818555  1.265208 0.344494
IC_1613  Model 0.512602   6.763535  4.857572  1.265826 0.323795
IC_1613  Model 0.512602   6.763535  4.916097  1.266734 0.338580
IC_1613  Model 0.512602   6.763535  4.955113  1.267328 0.340059
IC_1613  Model 0.512602   6.763535  5.013638  1.268201 0.360758
IC_1613  Model 0.512602   6.763535  5.052655  1.268773 0.328231
IC_1613  Model 0.512602   6.763535  5.091671  1.269335 0.332666
IC_1613  Model 0.512602   6.763535  5.150197  1.270164 0.334145
IC_1613  Model 0.512602   6.763535  5.189213  1.270705 0.331188
IC_1613  Model 0.512602   6.763535  5.228230  1.271240 0.307531
IC_1613  Model 0.512602   6.763535  5.286755  1.272027 0.300139
UGC_8508 Data  1.860000  45.563999  0.037634  0.074950 0.070670
UGC_8508 Data  1.860000  45.563999  0.080645  0.107717 0.087789
UGC_8508 Data  1.860000  45.563999  0.118280  0.140615 0.064964
UGC_8508 Data  1.860000  45.563999  0.161290  0.200246 0.066939
UGC_8508 Data  1.860000  45.563999  0.198925  0.236064 0.075937
UGC_8508 Data  1.860000  45.563999  0.241935  0.299557 0.073523
UGC_8508 Data  1.860000  45.563999  0.279570  0.363489 0.063647
UGC_8508 Data  1.860000  45.563999  0.317204  0.403367 0.067378
UGC_8508 Data  1.860000  45.563999  0.360215  0.436573 0.066719
UGC_8508 Data  1.860000  45.563999  0.397849  0.483254 0.058818
UGC_8508 Data  1.860000  45.563999  0.440860  0.495084 0.056843
UGC_8508 Data  1.860000  45.563999  0.478495  0.544860 0.062549
UGC_8508 Data  1.860000  45.563999  0.521505  0.565468 0.059477
UGC_8508 Data  1.860000  45.563999  0.559140  0.609231 0.058379
UGC_8508 Data  1.860000  45.563999  0.602151  0.632890 0.056624
UGC_8508 Data  1.860000  45.563999  0.639785  0.644983 0.054209
UGC_8508 Data  1.860000  45.563999  0.677419  0.668949 0.058818
UGC_8508 Data  1.860000  45.563999  0.720430  0.692235 0.061013
UGC_8508 Data  1.860000  45.563999  0.758065  0.771025 0.057721
UGC_8508 Data  1.860000  45.563999  0.801075  0.788956 0.061671
UGC_8508 Data  1.860000  45.563999  0.838710  0.831775 0.057282
UGC_8508 Data  1.860000  45.563999  0.881720  0.868142 0.050259
UGC_8508 Data  1.860000  45.563999  0.919355  0.902204 0.059257
UGC_8508 Data  1.860000  45.563999  0.956989  0.940304 0.061452
UGC_8508 Data  1.860000  45.563999  1.000000  1.000000 0.050259
UGC_8508 Model 1.860000  43.450298  0.037634  0.046111 0.074108
UGC_8508 Model 1.860000  43.450298  0.080645  0.098673 0.092059
UGC_8508 Model 1.860000  43.450298  0.118280  0.144429 0.068124
UGC_8508 Model 1.860000  43.450298  0.161290  0.196318 0.070195
UGC_8508 Model 1.860000  43.450298  0.198925  0.241260 0.079631
UGC_8508 Model 1.860000  43.450298  0.241935  0.291975 0.077100
UGC_8508 Model 1.860000  43.450298  0.279570  0.335689 0.066743
UGC_8508 Model 1.860000  43.450298  0.317204  0.378713 0.070655
UGC_8508 Model 1.860000  43.450298  0.360215  0.426950 0.069965
UGC_8508 Model 1.860000  43.450298  0.397849  0.468278 0.061680
UGC_8508 Model 1.860000  43.450298  0.440860  0.514438 0.059608
UGC_8508 Model 1.860000  43.450298  0.478495  0.553849 0.065592
UGC_8508 Model 1.860000  43.450298  0.521505  0.597729 0.062370
UGC_8508 Model 1.860000  43.450298  0.559140  0.635082 0.061219
UGC_8508 Model 1.860000  43.450298  0.602151  0.676561 0.059378
UGC_8508 Model 1.860000  43.450298  0.639785  0.711790 0.056847
UGC_8508 Model 1.860000  43.450298  0.677419  0.746023 0.061680
UGC_8508 Model 1.860000  43.450298  0.720430  0.783926 0.063981
UGC_8508 Model 1.860000  43.450298  0.758065  0.816036 0.060529
UGC_8508 Model 1.860000  43.450298  0.801075  0.851541 0.064672
UGC_8508 Model 1.860000  43.450298  0.838710  0.881584 0.060069
UGC_8508 Model 1.860000  43.450298  0.881720  0.914774 0.052704
UGC_8508 Model 1.860000  43.450298  0.919355  0.942836 0.062140
UGC_8508 Model 1.860000  43.450298  0.956989  0.970007 0.064441
UGC_8508 Model 1.860000  43.450298  1.000000  1.000000 0.052704
WLM      Data  1.673435  30.466715  0.005976  0.018709 0.133917
WLM      Data  1.673435  30.466715  0.023903  0.041488 0.113238
WLM      Data  1.673435  30.466715  0.035854  0.074376 0.142451
WLM      Data  1.673435  30.466715  0.047806  0.084781 0.141138
WLM      Data  1.673435  30.466715  0.065733  0.118326 0.113567
WLM      Data  1.673435  30.466715  0.077685  0.162111 0.084026
WLM      Data  1.673435  30.466715  0.095612  0.162407 0.094201
WLM      Data  1.673435  30.466715  0.107563  0.160864 0.102407
WLM      Data  1.673435  30.466715  0.125490  0.154267 0.119803
WLM      Data  1.673435  30.466715  0.137442  0.208391 0.103720
WLM      Data  1.673435  30.466715  0.149393  0.246794 0.093873
WLM      Data  1.673435  30.466715  0.167321  0.286477 0.095842
WLM      Data  1.673435  30.466715  0.179272  0.343161 0.081729
WLM      Data  1.673435  30.466715  0.197199  0.335678 0.081072
WLM      Data  1.673435  30.466715  0.209151  0.371586 0.074179
WLM      Data  1.673435  30.466715  0.227078  0.387899 0.070569
WLM      Data  1.673435  30.466715  0.239029  0.414945 0.065645
WLM      Data  1.673435  30.466715  0.250981  0.441006 0.059737
WLM      Data  1.673435  30.466715  0.268908  0.465360 0.066302
WLM      Data  1.673435  30.466715  0.280859  0.482756 0.060722
WLM      Data  1.673435  30.466715  0.298787  0.484857 0.068599
WLM      Data  1.673435  30.466715  0.310738  0.485481 0.068271
WLM      Data  1.673435  30.466715  0.328665  0.520338 0.074508
WLM      Data  1.673435  30.466715  0.340617  0.517680 0.079103
WLM      Data  1.673435  30.466715  0.352568  0.523358 0.078774
WLM      Data  1.673435  30.466715  0.370495  0.545546 0.075492
WLM      Data  1.673435  30.466715  0.382447  0.563238 0.075164
WLM      Data  1.673435  30.466715  0.400374  0.588249 0.070569
WLM      Data  1.673435  30.466715  0.412326  0.603347 0.069256
WLM      Data  1.673435  30.466715  0.430253  0.601082 0.070569
WLM      Data  1.673435  30.466715  0.442204  0.630294 0.073851
WLM      Data  1.673435  30.466715  0.454156  0.651170 0.086980
WLM      Data  1.673435  30.466715  0.472083  0.668992 0.102735
WLM      Data  1.673435  30.466715  0.484034  0.669977 0.102407
WLM      Data  1.673435  30.466715  0.501962  0.634135 0.101422
WLM      Data  1.673435  30.466715  0.513913  0.677493 0.126367
WLM      Data  1.673435  30.466715  0.525864  0.680349 0.129321
WLM      Data  1.673435  30.466715  0.543792  0.679725 0.136871
WLM      Data  1.673435  30.466715  0.555743  0.697876 0.134901
WLM      Data  1.673435  30.466715  0.573670  0.714616 0.124070
WLM      Data  1.673435  30.466715  0.585622  0.732275 0.121444
WLM      Data  1.673435  30.466715  0.603549  0.745568 0.122429
WLM      Data  1.673435  30.466715  0.615500  0.782132 0.127024
WLM      Data  1.673435  30.466715  0.627452  0.796902 0.126367
WLM      Data  1.673435  30.466715  0.645379  0.808587 0.122757
WLM      Data  1.673435  30.466715  0.657331  0.808292 0.111597
WLM      Data  1.673435  30.466715  0.675258  0.827329 0.110284
WLM      Data  1.673435  30.466715  0.687209  0.833139 0.101422
WLM      Data  1.673435  30.466715  0.705136  0.861990 0.104048
WLM      Data  1.673435  30.466715  0.717088  0.878992 0.115864
WLM      Data  1.673435  30.466715  0.729039  0.870294 0.125383
WLM      Data  1.673435  30.466715  0.746967  0.860185 0.112910
WLM      Data  1.673435  30.466715  0.758918  0.845743 0.107658
WLM      Data  1.673435  30.466715  0.776845  0.838653 0.105361
WLM      Data  1.673435  30.466715  0.788797  0.845217 0.106674
WLM      Data  1.673435  30.466715  0.806724  0.865633 0.112910
WLM      Data  1.673435  30.466715  0.818675  0.865863 0.116849
WLM      Data  1.673435  30.466715  0.830627  0.887854 0.105361
WLM      Data  1.673435  30.466715  0.848554  0.889594 0.104376
WLM      Data  1.673435  30.466715  0.860506  0.886082 0.107987
WLM      Data  1.673435  30.466715  0.878433  0.895896 0.107658
WLM      Data  1.673435  30.466715  0.890384  0.883128 0.116192
WLM      Data  1.673435  30.466715  0.908311  0.911388 0.106017
WLM      Data  1.673435  30.466715  0.920263  0.926782 0.105361
WLM      Data  1.673435  30.466715  0.932214  0.938861 0.107987
WLM      Data  1.673435  30.466715  0.950141  0.942504 0.118162
WLM      Data  1.673435  30.466715  0.962093  0.954550 0.113895
WLM      Data  1.673435  30.466715  0.980020  0.974834 0.109956
WLM      Data  1.673435  30.466715  0.991972  0.988226 0.113895
WLM      Data  1.673435  30.466715  1.003923  1.005753 0.109300
WLM      Data  1.673435  30.466715  1.021850  1.000272 0.119146
WLM      Data  1.673435  30.466715  1.033802  1.006016 0.120788
WLM      Data  1.673435  30.466715  1.051729  1.019408 0.111925
WLM      Data  1.673435  30.466715  1.063680  1.027580 0.110284
WLM      Data  1.673435  30.466715  1.081608  1.040414 0.108971
WLM      Data  1.673435  30.466715  1.093559  1.019867 0.118490
WLM      Data  1.673435  30.466715  1.105511  1.030108 0.120788
WLM      Data  1.673435  30.466715  1.123438  1.020983 0.117505
WLM      Data  1.673435  30.466715  1.135389  1.035556 0.114551
WLM      Data  1.673435  30.466715  1.153316  1.042416 0.113567
WLM      Data  1.673435  30.466715  1.165268  1.070250 0.114551
WLM      Data  1.673435  30.466715  1.183195  1.077734 0.117177
WLM      Data  1.673435  30.466715  1.195147  1.073204 0.133917
WLM      Data  1.673435  30.466715  1.207098  1.067329 0.129650
WLM      Data  1.673435  30.466715  1.225025  1.058401 0.123742
WLM      Data  1.673435  30.466715  1.236977  1.067657 0.123085
WLM      Data  1.673435  30.466715  1.254904  1.062340 0.119803
WLM      Data  1.673435  30.466715  1.266855  1.054692 0.119146
WLM      Data  1.673435  30.466715  1.284783  1.062569 0.115864
WLM      Data  1.673435  30.466715  1.296734  1.075698 0.118490
WLM      Data  1.673435  30.466715  1.308686  1.090173 0.121444
WLM      Data  1.673435  30.466715  1.326613  1.110261 0.130634
WLM      Data  1.673435  30.466715  1.338564  1.100644 0.133917
WLM      Data  1.673435  30.466715  1.356491  1.116891 0.128009
WLM      Data  1.673435  30.466715  1.368443  1.113609 0.127680
WLM      Data  1.673435  30.466715  1.380394  1.113412 0.129321
WLM      Data  1.673435  30.466715  1.398321  1.084528 0.132276
WLM      Data  1.673435  30.466715  1.410273  1.076224 0.126367
WLM      Data  1.673435  30.466715  1.428200  1.052657 0.131619
WLM      Data  1.673435  30.466715  1.440152  1.075173 0.133260
WLM      Data  1.673435  30.466715  1.458079  1.092077 0.131947
WLM      Data  1.673435  30.466715  1.470030  1.115283 0.134573
WLM      Data  1.673435  30.466715  1.481982  1.106191 0.132276
WLM      Data  1.673435  30.466715  1.499909  1.111541 0.128337
WLM      Data  1.673435  30.466715  1.511860  1.068806 0.140481
WLM      Data  1.673435  30.466715  1.529788  1.059944 0.125383
WLM      Data  1.673435  30.466715  1.541739  1.071825 0.129650
WLM      Data  1.673435  30.466715  1.559666  1.068051 0.136871
WLM      Data  1.673435  30.466715  1.571618  1.067526 0.137527
WLM      Data  1.673435  30.466715  1.583569  1.059583 0.140809
WLM      Data  1.673435  30.466715  1.601496  1.027121 0.148359
WLM      Data  1.673435  30.466715  1.613448  1.002963 0.151969
WLM      Data  1.673435  30.466715  1.631375  1.075305 0.144420
WLM      Data  1.673435  30.466715  1.643327  1.145316 0.130634
WLM      Data  1.673435  30.466715  1.661254  1.143445 0.130306
WLM      Data  1.673435  30.466715  1.673205  1.145119 0.129321
WLM      Data  1.673435  30.466715  1.685157  1.142755 0.132932
WLM      Data  1.673435  30.466715  1.703084  1.149320 0.129978
WLM      Data  1.673435  30.466715  1.715035  1.136355 0.128337
WLM      Data  1.673435  30.466715  1.732962  1.076355 0.139496
WLM      Data  1.673435  30.466715  1.744914  1.055480 0.147374
WLM      Data  1.673435  30.466715  1.762841  1.125983 0.137527
WLM      Data  1.673435  30.466715  1.774793  1.190381 0.128665
WLM      Data  1.673435  30.466715  1.786744  1.144725 0.127680
WLM      Data  1.673435  30.466715  1.804671  1.169145 0.123742
WLM      Data  1.673435  30.466715  1.816623  1.145808 0.134245
WLM      Data  1.673435  30.466715  1.834550  1.078193 0.118490
WLM      Data  1.673435  30.466715  1.846501  0.929375 0.142451
WLM      Data  1.673435  30.466715  1.858453  0.954681 0.139496
WLM      Data  1.673435  30.466715  1.876380  1.120436 0.139825
WLM      Data  1.673435  30.466715  1.888332  0.860217 0.216302
WLM      Data  1.673435  30.466715  1.906259  0.304332 0.165755
WLM      Data  1.673435  30.466715  1.918210  0.306039 0.130306
WLM      Data  1.673435  30.466715  1.936137  0.333643 0.110613
WLM      Data  1.673435  30.466715  1.948089  0.356356 0.125383
WLM      Data  1.673435  30.466715  1.960040  0.279420 0.130306
WLM      Data  1.673435  30.466715  1.977968  0.268063 0.126696
WLM      Data  1.673435  30.466715  1.989919  0.221061 0.126696
WLM      Data  1.673435  30.466715  2.007846  0.187155 0.141466
WLM      Data  1.673435  30.466715  2.019798  0.121050 0.123085
WLM      Model 2.033895  31.610191  0.004917  0.010250 0.129072
WLM      Model 2.033895  31.610191  0.019667  0.040967 0.109142
WLM      Model 2.033895  31.610191  0.029500  0.061387 0.137297
WLM      Model 2.033895  31.610191  0.039333  0.081733 0.136032
WLM      Model 2.033895  31.610191  0.054083  0.112057 0.109458
WLM      Model 2.033895  31.610191  0.063917  0.132110 0.080987
WLM      Model 2.033895  31.610191  0.078667  0.161890 0.090793
WLM      Model 2.033895  31.610191  0.088500  0.181513 0.098702
WLM      Model 2.033895  31.610191  0.103250  0.210556 0.115469
WLM      Model 2.033895  31.610191  0.113084  0.229632 0.099968
WLM      Model 2.033895  31.610191  0.122917  0.248460 0.090477
WLM      Model 2.033895  31.610191  0.137667  0.276207 0.092375
WLM      Model 2.033895  31.610191  0.147500  0.294358 0.078772
WLM      Model 2.033895  31.610191  0.162250  0.321036 0.078139
WLM      Model 2.033895  31.610191  0.172084  0.338445 0.071496
WLM      Model 2.033895  31.610191  0.186834  0.363974 0.068016
WLM      Model 2.033895  31.610191  0.196667  0.380599 0.063271
WLM      Model 2.033895  31.610191  0.206500  0.396904 0.057576
WLM      Model 2.033895  31.610191  0.221250  0.420750 0.063903
WLM      Model 2.033895  31.610191  0.231084  0.436242 0.058525
WLM      Model 2.033895  31.610191  0.245834  0.458871 0.066118
WLM      Model 2.033895  31.610191  0.255667  0.473553 0.065802
WLM      Model 2.033895  31.610191  0.270417  0.494970 0.071812
WLM      Model 2.033895  31.610191  0.280250  0.508855 0.076241
WLM      Model 2.033895  31.610191  0.290084  0.522423 0.075925
WLM      Model 2.033895  31.610191  0.304834  0.542199 0.072761
WLM      Model 2.033895  31.610191  0.314667  0.555001 0.072445
WLM      Model 2.033895  31.610191  0.329417  0.573654 0.068016
WLM      Model 2.033895  31.610191  0.339251  0.585726 0.066751
WLM      Model 2.033895  31.610191  0.354001  0.603302 0.068016
WLM      Model 2.033895  31.610191  0.363834  0.614675 0.071180
WLM      Model 2.033895  31.610191  0.373667  0.625779 0.083834
WLM      Model 2.033895  31.610191  0.388417  0.641945 0.099019
WLM      Model 2.033895  31.610191  0.398251  0.652404 0.098702
WLM      Model 2.033895  31.610191  0.413001  0.667630 0.097753
WLM      Model 2.033895  31.610191  0.422834  0.677481 0.121796
WLM      Model 2.033895  31.610191  0.432667  0.687101 0.124643
WLM      Model 2.033895  31.610191  0.447417  0.701109 0.131919
WLM      Model 2.033895  31.610191  0.457251  0.710176 0.130021
WLM      Model 2.033895  31.610191  0.472001  0.723381 0.119582
WLM      Model 2.033895  31.610191  0.481834  0.731929 0.117051
WLM      Model 2.033895  31.610191  0.496584  0.744383 0.118000
WLM      Model 2.033895  31.610191  0.506418  0.752447 0.122429
WLM      Model 2.033895  31.610191  0.516251  0.760331 0.121796
WLM      Model 2.033895  31.610191  0.531001  0.771818 0.118316
WLM      Model 2.033895  31.610191  0.540834  0.779261 0.107560
WLM      Model 2.033895  31.610191  0.555584  0.790115 0.106295
WLM      Model 2.033895  31.610191  0.565418  0.797148 0.097753
WLM      Model 2.033895  31.610191  0.580168  0.807414 0.100284
WLM      Model 2.033895  31.610191  0.590001  0.814070 0.111673
WLM      Model 2.033895  31.610191  0.599834  0.820580 0.120847
WLM      Model 2.033895  31.610191  0.614584  0.830084 0.108826
WLM      Model 2.033895  31.610191  0.624418  0.836252 0.103764
WLM      Model 2.033895  31.610191  0.639168  0.845259 0.101550
WLM      Model 2.033895  31.610191  0.649001  0.851105 0.102815
WLM      Model 2.033895  31.610191  0.663751  0.859650 0.108826
WLM      Model 2.033895  31.610191  0.673585  0.865199 0.112622
WLM      Model 2.033895  31.610191  0.683418  0.870634 0.101550
WLM      Model 2.033895  31.610191  0.698168  0.878581 0.100600
WLM      Model 2.033895  31.610191  0.708001  0.883743 0.104080
WLM      Model 2.033895  31.610191  0.722751  0.891298 0.103764
WLM      Model 2.033895  31.610191  0.732585  0.896211 0.111989
WLM      Model 2.033895  31.610191  0.747335  0.903399 0.102182
WLM      Model 2.033895  31.610191  0.757168  0.908074 0.101550
WLM      Model 2.033895  31.610191  0.767001  0.912658 0.104080
WLM      Model 2.033895  31.610191  0.781751  0.919374 0.113887
WLM      Model 2.033895  31.610191  0.791585  0.923743 0.109775
WLM      Model 2.033895  31.610191  0.806335  0.930146 0.105978
WLM      Model 2.033895  31.610191  0.816168  0.934316 0.109775
WLM      Model 2.033895  31.610191  0.826001  0.938409 0.105346
WLM      Model 2.033895  31.610191  0.840751  0.944411 0.114836
WLM      Model 2.033895  31.610191  0.850585  0.948321 0.116418
WLM      Model 2.033895  31.610191  0.865335  0.954053 0.107877
WLM      Model 2.033895  31.610191  0.875168  0.957789 0.106295
WLM      Model 2.033895  31.610191  0.889918  0.963272 0.105029
WLM      Model 2.033895  31.610191  0.899752  0.966846 0.114204
WLM      Model 2.033895  31.610191  0.909585  0.970361 0.116418
WLM      Model 2.033895  31.610191  0.924335  0.975518 0.113255
WLM      Model 2.033895  31.610191  0.934168  0.978884 0.110407
WLM      Model 2.033895  31.610191  0.948918  0.983825 0.109458
WLM      Model 2.033895  31.610191  0.958752  0.987052 0.110407
WLM      Model 2.033895  31.610191  0.973502  0.991788 0.112938
WLM      Model 2.033895  31.610191  0.983335  0.994885 0.129072
WLM      Model 2.033895  31.610191  0.993168  0.997928 0.124960
WLM      Model 2.033895  31.610191  1.007918  1.002401 0.119265
WLM      Model 2.033895  31.610191  1.017752  1.005324 0.118633
WLM      Model 2.033895  31.610191  1.032502  1.009621 0.115469
WLM      Model 2.033895  31.610191  1.042335  1.012430 0.114836
WLM      Model 2.033895  31.610191  1.057085  1.016561 0.111673
WLM      Model 2.033895  31.610191  1.066919  1.019260 0.114204
WLM      Model 2.033895  31.610191  1.076752  1.021920 0.117051
WLM      Model 2.033895  31.610191  1.091502  1.025834 0.125909
WLM      Model 2.033895  31.610191  1.101335  1.028393 0.129072
WLM      Model 2.033895  31.610191  1.116085  1.032161 0.123378
WLM      Model 2.033895  31.610191  1.125919  1.034625 0.123062
WLM      Model 2.033895  31.610191  1.135752  1.037055 0.124643
WLM      Model 2.033895  31.610191  1.150502  1.040630 0.127491
WLM      Model 2.033895  31.610191  1.160335  1.042971 0.121796
WLM      Model 2.033895  31.610191  1.175085  1.046419 0.126858
WLM      Model 2.033895  31.610191  1.184919  1.048678 0.128440
WLM      Model 2.033895  31.610191  1.199669  1.052003 0.127174
WLM      Model 2.033895  31.610191  1.209502  1.054182 0.129705
WLM      Model 2.033895  31.610191  1.219335  1.056330 0.127491
WLM      Model 2.033895  31.610191  1.234085  1.059497 0.123694
WLM      Model 2.033895  31.610191  1.243919  1.061572 0.135399
WLM      Model 2.033895  31.610191  1.258669  1.064631 0.120847
WLM      Model 2.033895  31.610191  1.268502  1.066637 0.124960
WLM      Model 2.033895  31.610191  1.283252  1.069595 0.131919
WLM      Model 2.033895  31.610191  1.293086  1.071534 0.132552
WLM      Model 2.033895  31.610191  1.302919  1.073448 0.135716
WLM      Model 2.033895  31.610191  1.317669  1.076270 0.142992
WLM      Model 2.033895  31.610191  1.327502  1.078121 0.146472
WLM      Model 2.033895  31.610191  1.342252  1.080854 0.139196
WLM      Model 2.033895  31.610191  1.352086  1.082644 0.125909
WLM      Model 2.033895  31.610191  1.366836  1.085289 0.125592
WLM      Model 2.033895  31.610191  1.376669  1.087026 0.124643
WLM      Model 2.033895  31.610191  1.386502  1.088741 0.128123
WLM      Model 2.033895  31.610191  1.401252  1.091272 0.125276
WLM      Model 2.033895  31.610191  1.411086  1.092932 0.123694
WLM      Model 2.033895  31.610191  1.425836  1.095384 0.134450
WLM      Model 2.033895  31.610191  1.435669  1.096994 0.142043
WLM      Model 2.033895  31.610191  1.450419  1.099373 0.132552
WLM      Model 2.033895  31.610191  1.460253  1.100936 0.124011
WLM      Model 2.033895  31.610191  1.470086  1.102480 0.123062
WLM      Model 2.033895  31.610191  1.484836  1.104758 0.119265
WLM      Model 2.033895  31.610191  1.494669  1.106257 0.129389
DDO_50   Data  1.702580  30.766031  0.070481  0.049665 0.000000
DDO_50   Data  1.702580  30.766031  0.135089  0.203536 0.160242
DDO_50   Data  1.702580  30.766031  0.205570  0.367776 0.177143
DDO_50   Data  1.702580  30.766031  0.270178  0.363713 0.172268
DDO_50   Data  1.702580  30.766031  0.340660  0.513878 0.152441
DDO_50   Data  1.702580  30.766031  0.405267  0.584736 0.128063
DDO_50   Data  1.702580  30.766031  0.475749  0.606611 0.111487
DDO_50   Data  1.702580  30.766031  0.540357  0.585548 0.108236
DDO_50   Data  1.702580  30.766031  0.610838  0.665832 0.125463
DDO_50   Data  1.702580  30.766031  0.675446  0.693460 0.119287
DDO_50   Data  1.702580  30.766031  0.745927  0.747838 0.136189
DDO_50   Data  1.702580  30.766031  0.810535  0.836247 0.131964
DDO_50   Data  1.702580  30.766031  0.881016  0.941428 0.108236
DDO_50   Data  1.702580  30.766031  0.951497  0.982090 0.112787
DDO_50   Data  1.702580  30.766031  1.016105  1.005947 0.123188
DDO_50   Data  1.702580  30.766031  1.086586  1.006662 0.109861
DDO_50   Data  1.702580  30.766031  1.151194  0.992653 0.113437
DDO_50   Data  1.702580  30.766031  1.221676  0.986283 0.111812
DDO_50   Data  1.702580  30.766031  1.286283  0.904732 0.131314
DDO_50   Data  1.702580  30.766031  1.356765  0.889487 0.126438
DDO_50   Data  1.702580  30.766031  1.421373  0.856302 0.130014
DDO_50   Data  1.702580  30.766031  1.491854  0.825261 0.134239
DDO_50   Data  1.702580  30.766031  1.556462  0.789637 0.139439
DDO_50   Data  1.702580  30.766031  1.626943  0.829031 0.132289
DDO_50   Data  1.702580  30.766031  1.691551  0.867385 0.131314
DDO_50   Data  1.702580  30.766031  1.762032  0.896151 0.127738
DDO_50   Data  1.702580  30.766031  1.832513  0.855619 0.125138
DDO_50   Data  1.702580  30.766031  1.897121  0.820743 0.121563
DDO_50   Data  1.702580  30.766031  1.967602  0.781544 0.118312
DDO_50   Data  1.702580  30.766031  2.032210  0.620522 0.116687
DDO_50   Data  1.702580  30.766031  2.102692  0.460638 0.111812
DDO_50   Data  1.702580  30.766031  2.167300  0.430605 0.121888
DDO_50   Data  1.702580  30.766031  2.237781  0.545277 0.119937
DDO_50   Data  1.702580  30.766031  2.302389  0.601183 0.126763
DDO_50   Data  1.702580  30.766031  2.372870  0.656926 0.130014
DDO_50   Data  1.702580  30.766031  2.437478  0.680783 0.126438
DDO_50   Data  1.702580  30.766031  2.507959  0.739777 0.126438
DDO_50   Data  1.702580  30.766031  2.572567  0.727101 0.128713
DDO_50   Data  1.702580  30.766031  2.643048  0.747708 0.126438
DDO_50   Data  1.702580  30.766031  2.713529  0.708964 0.118637
DDO_50   Data  1.702580  30.766031  2.778137  0.739777 0.124488
DDO_50   Data  1.702580  30.766031  2.848619  0.768380 0.127088
DDO_50   Data  1.702580  30.766031  2.913227  0.740264 0.129038
DDO_50   Data  1.702580  30.766031  2.983708  0.722843 0.130339
DDO_50   Data  1.702580  30.766031  3.048316  0.721933 0.118962
DDO_50   Data  1.702580  30.766031  3.118797  0.705031 0.126438
DDO_50   Data  1.702580  30.766031  3.183405  0.691932 0.120588
DDO_50   Data  1.702580  30.766031  3.253886  0.686959 0.117662
DDO_50   Data  1.702580  30.766031  3.318494  0.622667 0.120588
DDO_50   Data  1.702580  30.766031  3.388975  0.657218 0.130339
DDO_50   Data  1.702580  30.766031  3.453583  0.667424 0.128713
DDO_50   Data  1.702580  30.766031  3.524064  0.652018 0.119612
DDO_50   Data  1.702580  30.766031  3.594546  0.669797 0.121238
DDO_50   Data  1.702580  30.766031  3.659153  0.691379 0.124813
DDO_50   Data  1.702580  30.766031  3.729635  0.577683 0.133264
DDO_50   Data  1.702580  30.766031  3.794243  0.519794 0.127413
DDO_50   Data  1.702580  30.766031  3.864724  0.587076 0.127088
DDO_50   Data  1.702580  30.766031  3.929332  0.540044 0.129688
DDO_50   Data  1.702580  30.766031  3.999813  0.463726 0.135864
DDO_50   Data  1.702580  30.766031  4.064421  0.565364 0.136839
DDO_50   Data  1.702580  30.766031  4.134902  0.621010 0.130339
DDO_50   Data  1.702580  30.766031  4.199510  0.434018 0.126113
DDO_50   Data  1.702580  30.766031  4.269991  0.429207 0.122538
DDO_50   Data  1.702580  30.766031  4.334599  0.177566 0.129688
DDO_50   Data  1.702580  30.766031  4.475562  0.200058 0.121888
DDO_50   Data  1.702580  30.766031  4.540170  0.278261 0.125788
DDO_50   Data  1.702580  30.766031  4.675259  0.091920 0.132939
DDO_50   Data  1.702580  30.766031  4.810348  0.164727 0.125138
DDO_50   Data  1.702580  30.766031  4.945437  0.107196 0.124163
DDO_50   Data  1.702580  30.766031  5.015918  0.249138 0.119612
DDO_50   Data  1.702580  30.766031  5.080526  0.252324 0.128713
DDO_50   Data  1.702580  30.766031  5.151008  0.206786 0.142690
DDO_50   Data  1.702580  30.766031  5.286097  0.151433 0.113437
DDO_50   Data  1.702580  30.766031  5.356577  0.340408 0.110186
DDO_50   Data  1.702580  30.766031  5.421185  0.463726 0.119612
DDO_50   Data  1.702580  30.766031  5.491667  0.701748 0.127738
DDO_50   Data  1.702580  30.766031  5.556275  0.666807 0.130014
DDO_50   Data  1.702580  30.766031  5.626756  0.607553 0.129363
DDO_50   Data  1.702580  30.766031  5.691363  0.764707 0.102386
DDO_50   Data  1.702580  30.766031  5.761845  0.762757 0.107586
DDO_50   Model 0.412327  16.514782  0.291031  0.519760 0.000000
DDO_50   Model 0.412327  16.514782  0.557810  0.785514 0.298520
DDO_50   Model 0.412327  16.514782  0.848841  0.940037 0.330007
DDO_50   Model 0.412327  16.514782  1.115619  1.023671 0.320925
DDO_50   Model 0.412327  16.514782  1.406650  1.083254 0.283988
DDO_50   Model 0.412327  16.514782  1.673429  1.121408 0.238574
DDO_50   Model 0.412327  16.514782  1.964460  1.152101 0.207693
DDO_50   Model 0.412327  16.514782  2.231239  1.173652 0.201638
DDO_50   Model 0.412327  16.514782  2.522269  1.192235 0.233730
DDO_50   Model 0.412327  16.514782  2.789048  1.206023 0.222225
DDO_50   Model 0.412327  16.514782  3.080079  1.218448 0.253712
DDO_50   Model 0.412327  16.514782  3.346858  1.228015 0.245840
DDO_50   Model 0.412327  16.514782  3.637889  1.236898 0.201638
DDO_50   Model 0.412327  16.514782  3.928920  1.244509 0.210115
DDO_50   Model 0.412327  16.514782  4.195699  1.250583 0.229491
DDO_50   Model 0.412327  16.514782  4.486730  1.256408 0.204665
DDO_50   Model 0.412327  16.514782  4.753508  1.261131 0.211326
DDO_50   Model 0.412327  16.514782  5.044539  1.265733 0.208298
DDO_50   Model 0.412327  16.514782  5.311318  1.269511 0.244629
DDO_50   Model 0.412327  16.514782  5.602349  1.273235 0.235547
DDO_50   Model 0.412327  16.514782  5.869128  1.276329 0.242207
DDO_50   Model 0.412327  16.514782  6.160159  1.279405 0.250079
DDO_50   Model 0.412327  16.514782  6.426937  1.281985 0.259767
DDO_50   Model 0.412327  16.514782  6.717968  1.284564 0.246446
DDO_50   Model 0.412327  16.514782  6.984747  1.286750 0.244629
DDO_50   Model 0.412327  16.514782  7.275778  1.288948 0.237969
DDO_50   Model 0.412327  16.514782  7.566809  1.290983 0.233124
DDO_50   Model 0.412327  16.514782  7.833588  1.292715 0.226464
DDO_50   Model 0.412327  16.514782  8.124619  1.294477 0.220409
DDO_50   Model 0.412327  16.514782  8.391397  1.295985 0.217381
DDO_50   Model 0.412327  16.514782  8.682428  1.297529 0.208298
DDO_50   Model 0.412327  16.514782  8.949206  1.298855 0.227069
DDO_50   Model 0.412327  16.514782  9.240237  1.300217 0.223436
DDO_50   Model 0.412327  16.514782  9.507016  1.301392 0.236152
DDO_50   Model 0.412327  16.514782  9.798047  1.302597 0.242207
DDO_50   Model 0.412327  16.514782 10.064826  1.303644 0.235547
DDO_50   Model 0.412327  16.514782 10.355857  1.304728 0.235547
DDO_50   Model 0.412327  16.514782 10.622636  1.305667 0.239785
DDO_50   Model 0.412327  16.514782 10.913667  1.306641 0.235547
DDO_50   Model 0.412327  16.514782 11.204698  1.307568 0.221014
DDO_50   Model 0.412327  16.514782 11.471477  1.308373 0.231913
DDO_50   Model 0.412327  16.514782 11.762507  1.309209 0.236758
DDO_50   Model 0.412327  16.514782 12.029286  1.309942 0.240391
DDO_50   Model 0.412327  16.514782 12.320317  1.310705 0.242813
DDO_50   Model 0.412327  16.514782 12.587095  1.311377 0.221620
DDO_50   Model 0.412327  16.514782 12.878126  1.312073 0.235547
DDO_50   Model 0.412327  16.514782 13.144905  1.312685 0.224647
DDO_50   Model 0.412327  16.514782 13.435936  1.313326 0.219198
DDO_50   Model 0.412327  16.514782 13.702715  1.313890 0.224647
DDO_50   Model 0.412327  16.514782 13.993746  1.314483 0.242813
DDO_50   Model 0.412327  16.514782 14.260525  1.315004 0.239785
DDO_50   Model 0.412327  16.514782 14.551556  1.315549 0.222831
DDO_50   Model 0.412327  16.514782 14.842587  1.316075 0.225858
DDO_50   Model 0.412327  16.514782 15.109365  1.316542 0.232519
DDO_50   Model 0.412327  16.514782 15.400396  1.317026 0.248262
DDO_50   Model 0.412327  16.514782 15.667175  1.317456 0.237363
DDO_50   Model 0.412327  16.514782 15.958206  1.317916 0.236758
DDO_50   Model 0.412327  16.514782 16.224985  1.318316 0.241602
DDO_50   Model 0.412327  16.514782 16.516016  1.318740 0.253107
DDO_50   Model 0.412327  16.514782 16.782795  1.319115 0.254923
DDO_50   Model 0.412327  16.514782 17.073826  1.319509 0.242813
DDO_50   Model 0.412327  16.514782 17.340605  1.319866 0.234941
DDO_50   Model 0.412327  16.514782 17.631636  1.320235 0.228280
DDO_50   Model 0.412327  16.514782 17.898413  1.320568 0.241602
DDO_50   Model 0.412327  16.514782 18.189444  1.320914 0.231913
DDO_50   Model 0.412327  16.514782 18.480474  1.321253 0.227069
DDO_50   Model 0.412327  16.514782 18.747253  1.321555 0.234336
DDO_50   Model 0.412327  16.514782 19.038284  1.321876 0.252501
DDO_50   Model 0.412327  16.514782 19.305063  1.322155 0.247657
DDO_50   Model 0.412327  16.514782 19.596094  1.322458 0.233730
DDO_50   Model 0.412327  16.514782 19.862873  1.322724 0.233124
DDO_50   Model 0.412327  16.514782 20.153906  1.323009 0.225858
DDO_50   Model 0.412327  16.514782 20.420683  1.323263 0.231308
DDO_50   Model 0.412327  16.514782 20.711714  1.323536 0.222831
DDO_50   Model 0.412327  16.514782 20.978491  1.323772 0.239785
DDO_50   Model 0.412327  16.514782 21.269526  1.324032 0.265822
DDO_50   Model 0.412327  16.514782 21.536303  1.324256 0.222225
DDO_50   Model 0.412327  16.514782 21.827333  1.324498 0.211326
DDO_50   Model 0.412327  16.514782 22.118364  1.324734 0.205271
DDO_50   Model 0.412327  16.514782 22.385141  1.324946 0.222831
DDO_50   Model 0.412327  16.514782 22.676174  1.325170 0.237969
DDO_50   Model 0.412327  16.514782 22.942953  1.325370 0.242207
DDO_50   Model 0.412327  16.514782 23.233984  1.325588 0.240996
DDO_50   Model 0.412327  16.514782 23.500761  1.325776 0.190738
DDO_50   Model 0.412327  16.514782 23.791794  1.325982 0.200427
DDO_126  Data  2.853558  33.713940  0.045557  0.082162 0.086611
DDO_126  Data  2.853558  33.713940  0.094619  0.189832 0.053094
DDO_126  Data  2.853558  33.713940  0.140176  0.223735 0.043899
DDO_126  Data  2.853558  33.713940  0.185733  0.345643 0.078009
DDO_126  Data  2.853558  33.713940  0.234795  0.308596 0.087798
DDO_126  Data  2.853558  33.713940  0.280352  0.345376 0.090170
DDO_126  Data  2.853558  33.713940  0.325909  0.409860 0.079789
DDO_126  Data  2.853558  33.713940  0.371466  0.495700 0.092543
DDO_126  Data  2.853558  33.713940  0.420528  0.507861 0.090764
DDO_126  Data  2.853558  33.713940  0.466085  0.577150 0.079492
DDO_126  Data  2.853558  33.713940  0.511642  0.611379 0.082755
DDO_126  Data  2.853558  33.713940  0.560704  0.678592 0.074747
DDO_126  Data  2.853558  33.713940  0.606261  0.732160 0.049238
DDO_126  Data  2.853558  33.713940  0.651818  0.796436 0.057246
DDO_126  Data  2.853558  33.713940  0.700879  0.826453 0.062882
DDO_126  Data  2.853558  33.713940  0.746437  0.900725 0.070891
DDO_126  Data  2.853558  33.713940  0.791994  0.937476 0.086908
DDO_126  Data  2.853558  33.713940  0.837551  0.903543 0.075933
DDO_126  Data  2.853558  33.713940  0.886612  0.965832 0.087501
DDO_126  Data  2.853558  33.713940  0.932170  0.957260 0.099069
DDO_126  Data  2.853558  33.713940  0.977727  0.989739 0.095806
DDO_126  Data  2.853558  33.713940  1.026788  1.012341 0.093137
DDO_126  Data  2.853558  33.713940  1.072345  0.998459 0.085425
DDO_126  Data  2.853558  33.713940  1.117903  0.969658 0.073857
DDO_126  Data  2.853558  33.713940  1.166964  0.980010 0.082755
DDO_126  Data  2.853558  33.713940  1.212521  0.961917 0.070001
DDO_126  Data  2.853558  33.713940  1.258078  0.966129 0.065848
DDO_126  Data  2.853558  33.713940  1.303636  0.984074 0.067628
DDO_126  Data  2.853558  33.713940  1.352697  0.981197 0.061696
DDO_126  Data  2.853558  33.713940  1.398254  0.970785 0.061399
DDO_126  Model 3.144087  32.393284  0.041347  0.079107 0.090142
DDO_126  Model 3.144087  32.393284  0.085875  0.162784 0.055258
DDO_126  Model 3.144087  32.393284  0.127223  0.237819 0.045688
DDO_126  Model 3.144087  32.393284  0.168570  0.309323 0.081190
DDO_126  Model 3.144087  32.393284  0.213098  0.381641 0.091377
DDO_126  Model 3.144087  32.393284  0.254446  0.444064 0.093847
DDO_126  Model 3.144087  32.393284  0.295793  0.501817 0.083042
DDO_126  Model 3.144087  32.393284  0.337141  0.554973 0.096316
DDO_126  Model 3.144087  32.393284  0.381669  0.607317 0.094464
DDO_126  Model 3.144087  32.393284  0.423016  0.651660 0.082733
DDO_126  Model 3.144087  32.393284  0.464364  0.692230 0.086129
DDO_126  Model 3.144087  32.393284  0.508892  0.732071 0.077794
DDO_126  Model 3.144087  32.393284  0.550239  0.765838 0.051245
DDO_126  Model 3.144087  32.393284  0.591587  0.796798 0.059580
DDO_126  Model 3.144087  32.393284  0.636115  0.827326 0.065446
DDO_126  Model 3.144087  32.393284  0.677462  0.853325 0.073781
DDO_126  Model 3.144087  32.393284  0.718810  0.877299 0.090451
DDO_126  Model 3.144087  32.393284  0.760157  0.899449 0.079029
DDO_126  Model 3.144087  32.393284  0.804685  0.921472 0.091068
DDO_126  Model 3.144087  32.393284  0.846033  0.940389 0.103108
DDO_126  Model 3.144087  32.393284  0.887380  0.957979 0.099712
DDO_126  Model 3.144087  32.393284  0.931908  0.975579 0.096934
DDO_126  Model 3.144087  32.393284  0.973255  0.990795 0.088907
DDO_126  Model 3.144087  32.393284  1.014603  1.005026 0.076868
DDO_126  Model 3.144087  32.393284  1.059131  1.019350 0.086129
DDO_126  Model 3.144087  32.393284  1.100478  1.031806 0.072855
DDO_126  Model 3.144087  32.393284  1.141826  1.043519 0.068533
DDO_126  Model 3.144087  32.393284  1.183173  1.054549 0.070385
DDO_126  Model 3.144087  32.393284  1.227701  1.065727 0.064211
DDO_126  Model 3.144087  32.393284  1.269049  1.075513 0.063902
DDO_101  Data  1.100737  56.147221  0.236205  0.593618 0.051472
DDO_101  Data  1.100737  56.147221  0.472411  0.746181 0.041142
DDO_101  Data  1.100737  56.147221  0.699531  0.875288 0.041142
DDO_101  Data  1.100737  56.147221  0.935737  0.979639 0.036333
DDO_101  Data  1.100737  56.147221  1.171942  1.054478 0.039895
DDO_101  Data  1.100737  56.147221  1.408147  1.068174 0.038826
DDO_101  Data  1.100737  56.147221  1.635268  1.084916 0.037936
DDO_101  Data  1.100737  56.147221  1.871473  1.116280 0.045594
DDO_101  Data  1.100737  56.147221  2.107678  1.136815 0.040073
DDO_101  Model 1.408848  57.270760  0.156156  0.312437 0.064605
DDO_101  Model 1.408848  57.270760  0.305214  0.545879 0.100924
DDO_101  Model 1.408848  57.270760  0.461370  0.716971 0.067050
DDO_101  Model 1.408848  57.270760  0.617526  0.834553 0.066526
DDO_101  Model 1.408848  57.270760  0.773682  0.917847 0.057970
DDO_101  Model 1.408848  57.270760  0.922740  0.976671 0.057446
DDO_101  Model 1.408848  57.270760  1.078896  1.023823 0.066177
DDO_101  Model 1.408848  57.270760  1.235052  1.060714 0.075431
DDO_101  Model 1.408848  57.270760  1.384110  1.089078 0.089575
DDO_133  Data  1.830000  38.700001  0.098361  0.124496 0.033850
DDO_133  Data  1.830000  38.700001  0.202186  0.318217 0.043669
DDO_133  Data  1.830000  38.700001  0.300546  0.516873 0.040568
DDO_133  Data  1.830000  38.700001  0.398907  0.624419 0.045220
DDO_133  Data  1.830000  38.700001  0.502732  0.637158 0.048320
DDO_133  Data  1.830000  38.700001  0.601093  0.676873 0.048579
DDO_133  Data  1.830000  38.700001  0.699454  0.758243 0.042377
DDO_133  Data  1.830000  38.700001  0.803279  0.839018 0.051163
DDO_133  Data  1.830000  38.700001  0.901639  0.931576 0.050129
DDO_133  Data  1.830000  38.700001  1.000000  1.000827 0.037209
DDO_133  Data  1.830000  38.700001  1.103825  0.995995 0.037468
DDO_133  Data  1.830000  38.700001  1.202186  1.009690 0.040052
DDO_133  Data  1.830000  38.700001  1.300547  1.028088 0.044703
DDO_133  Data  1.830000  38.700001  1.404372  1.065762 0.042377
DDO_133  Data  1.830000  38.700001  1.502732  1.107726 0.037726
DDO_133  Data  1.830000  38.700001  1.601093  1.088398 0.041085
DDO_133  Data  1.830000  38.700001  1.704918  1.028501 0.045478
DDO_133  Data  1.830000  38.700001  1.803279  1.077235 0.053747
DDO_133  Data  1.830000  38.700001  1.901639  1.087674 0.055297
DDO_133  Model 2.211135  38.892376  0.081406  0.166731 0.033683
DDO_133  Model 2.211135  38.892376  0.167335  0.328951 0.043453
DDO_133  Model 2.211135  38.892376  0.248741  0.461916 0.040368
DDO_133  Model 2.211135  38.892376  0.330147  0.573223 0.044996
DDO_133  Model 2.211135  38.892376  0.416076  0.669522 0.048081
DDO_133  Model 2.211135  38.892376  0.497482  0.744092 0.048339
DDO_133  Model 2.211135  38.892376  0.578888  0.805700 0.042168
DDO_133  Model 2.211135  38.892376  0.664817  0.859634 0.050910
DDO_133  Model 2.211135  38.892376  0.746223  0.902431 0.049881
DDO_133  Model 2.211135  38.892376  0.827629  0.938829 0.037025
DDO_133  Model 2.211135  38.892376  0.913558  0.971684 0.037282
DDO_133  Model 2.211135  38.892376  0.994964  0.998548 0.039854
DDO_133  Model 2.211135  38.892376  1.076370  1.022023 0.044482
DDO_133  Model 2.211135  38.892376  1.162299  1.043770 0.042168
DDO_133  Model 2.211135  38.892376  1.243705  1.061974 0.037539
DDO_133  Model 2.211135  38.892376  1.325112  1.078222 0.040882
DDO_133  Model 2.211135  38.892376  1.411040  1.093569 0.045253
DDO_133  Model 2.211135  38.892376  1.492446  1.106651 0.053481
DDO_133  Model 2.211135  38.892376  1.573853  1.118512 0.055024
NGC_1569 Data  2.266491  24.682655  0.110303  0.274768 0.222018
NGC_1569 Data  2.266491  24.682655  0.167660  0.232755 0.216751
NGC_1569 Data  2.266491  24.682655  0.225017  0.090590 0.303452
NGC_1569 Data  2.266491  24.682655  0.277963  0.218169 0.320468
NGC_1569 Data  2.266491  24.682655  0.335320  0.236239 0.364629
NGC_1569 Data  2.266491  24.682655  0.392677  0.468993 0.335458
NGC_1569 Data  2.266491  24.682655  0.450035  0.506023 0.402712
NGC_1569 Data  2.266491  24.682655  0.502980  0.548077 0.474422
NGC_1569 Data  2.266491  24.682655  0.560337  0.588510 0.365844
NGC_1569 Data  2.266491  24.682655  0.617695  0.529805 0.402307
NGC_1569 Data  2.266491  24.682655  0.670640  0.343764 0.370706
NGC_1569 Data  2.266491  24.682655  0.727998  0.384359 0.283600
NGC_1569 Data  2.266491  24.682655  0.785355  0.643164 0.303047
NGC_1569 Data  2.266491  24.682655  0.838300  0.804168 0.320468
NGC_1569 Data  2.266491  24.682655  0.895658  0.801129 0.373137
NGC_1569 Data  2.266491  24.682655  0.953015  0.898647 0.525065
NGC_1569 Data  2.266491  24.682655  1.005960  1.012857 0.533978
NGC_1569 Data  2.266491  24.682655  1.063318  0.922996 0.624730
NGC_1569 Data  2.266491  24.682655  1.120675  0.767624 0.545727
NGC_1569 Data  2.266491  24.682655  1.178032  0.697048 0.517772
NGC_1569 Data  2.266491  24.682655  1.230978  0.713335 0.527496
NGC_1569 Data  2.266491  24.682655  1.288335  0.321562 0.429451
NGC_1569 Data  2.266491  24.682655  1.345692  0.644420 0.410004
NGC_1569 Data  2.266491  24.682655  1.398638  0.626351 0.389342
NGC_1569 Model 3.050000  38.997799  0.081967  0.106176 0.140521
NGC_1569 Model 3.050000  38.997799  0.124590  0.160858 0.137187
NGC_1569 Model 3.050000  38.997799  0.167213  0.214899 0.192062
NGC_1569 Model 3.050000  38.997799  0.206557  0.264046 0.202832
NGC_1569 Model 3.050000  38.997799  0.249180  0.316323 0.230782
NGC_1569 Model 3.050000  38.997799  0.291803  0.367446 0.212320
NGC_1569 Model 3.050000  38.997799  0.334426  0.417283 0.254886
NGC_1569 Model 3.050000  38.997799  0.373771  0.462052 0.300273
NGC_1569 Model 3.050000  38.997799  0.416393  0.509136 0.231552
NGC_1569 Model 3.050000  38.997799  0.459016  0.554685 0.254630
NGC_1569 Model 3.050000  38.997799  0.498361  0.595336 0.234629
NGC_1569 Model 3.050000  38.997799  0.540984  0.637839 0.179497
NGC_1569 Model 3.050000  38.997799  0.583607  0.678741 0.191806
NGC_1569 Model 3.050000  38.997799  0.622951  0.715084 0.202832
NGC_1569 Model 3.050000  38.997799  0.665574  0.752940 0.236167
NGC_1569 Model 3.050000  38.997799  0.708197  0.789257 0.332326
NGC_1569 Model 3.050000  38.997799  0.747541  0.821441 0.337968
NGC_1569 Model 3.050000  38.997799  0.790164  0.854902 0.395407
NGC_1569 Model 3.050000  38.997799  0.832787  0.886945 0.345404
NGC_1569 Model 3.050000  38.997799  0.875410  0.917626 0.327711
NGC_1569 Model 3.050000  38.997799  0.914754  0.944784 0.333865
NGC_1569 Model 3.050000  38.997799  0.957377  0.972993 0.271810
NGC_1569 Model 3.050000  38.997799  1.000000  1.000000 0.259502
DDO_43   Data  3.260000  37.840000  0.144172  0.209752 0.076374
DDO_43   Data  3.260000  37.840000  0.285276  0.481528 0.063161
DDO_43   Data  3.260000  37.840000  0.429448  0.637553 0.059461
DDO_43   Data  3.260000  37.840000  0.570552  0.705655 0.054704
DDO_43   Data  3.260000  37.840000  0.714724  0.804175 0.059989
DDO_43   Data  3.260000  37.840000  0.855828  0.831078 0.066332
DDO_43   Data  3.260000  37.840000  1.000000  0.891887 0.070560
DDO_43   Data  3.260000  37.840000  1.141104  0.897357 0.074524
DDO_43   Data  3.260000  37.840000  1.285276  0.730470 0.074524
HARO_36  Data  1.974664  32.157013  0.162053  0.347638 0.223590
HARO_36  Data  1.974664  32.157013  0.319042  0.475044 0.227011
HARO_36  Data  1.974664  32.157013  0.481095  0.612930 0.229188
HARO_36  Data  1.974664  32.157013  0.638083  0.799204 0.209597
HARO_36  Data  1.974664  32.157013  0.800136  0.854992 0.151755
HARO_36  Data  1.974664  32.157013  0.957125  0.967534 0.204621
HARO_36  Data  1.974664  32.157013  1.119178  1.090244 0.265261
HARO_36  Data  1.974664  32.157013  1.276166  1.167273 0.274279
HARO_36  Data  1.974664  32.157013  1.438219  1.463911 0.264639
HARO_36  Data  1.974664  32.157013  1.600272  1.737381 0.204932
HARO_36  Model 3.160000  53.237000  0.101266  0.105361 0.135056
HARO_36  Model 3.160000  53.237000  0.199367  0.207172 0.137123
HARO_36  Model 3.160000  53.237000  0.300633  0.311738 0.138438
HARO_36  Model 3.160000  53.237000  0.398734  0.412281 0.126604
HARO_36  Model 3.160000  53.237000  0.500000  0.515042 0.091666
HARO_36  Model 3.160000  53.237000  0.598101  0.613385 0.123598
HARO_36  Model 3.160000  53.237000  0.699367  0.713444 0.160227
HARO_36  Model 3.160000  53.237000  0.797468  0.808783 0.165674
HARO_36  Model 3.160000  53.237000  0.898734  0.905385 0.159851
HARO_36  Model 3.160000  53.237000  1.000000  1.000000 0.123786
DDO_168  Data  2.732018  60.909840  0.043924  0.025595 0.041208
DDO_168  Data  2.732018  60.909840  0.219618  0.140207 0.048925
DDO_168  Data  2.732018  60.909840  0.267202  0.289493 0.048268
DDO_168  Data  2.732018  60.909840  0.311125  0.335644 0.038417
DDO_168  Data  2.732018  60.909840  0.355049  0.376589 0.042194
DDO_168  Data  2.732018  60.909840  0.398972  0.426860 0.053358
DDO_168  Data  2.732018  60.909840  0.442896  0.505156 0.061074
DDO_168  Data  2.732018  60.909840  0.486820  0.560615 0.078641
DDO_168  Data  2.732018  60.909840  0.530743  0.636515 0.070432
DDO_168  Data  2.732018  60.909840  0.574667  0.706372 0.064850
DDO_168  Data  2.732018  60.909840  0.618590  0.760518 0.069119
DDO_168  Data  2.732018  60.909840  0.662514  0.802284 0.065671
DDO_168  Data  2.732018  60.909840  0.706437  0.846990 0.072238
DDO_168  Data  2.732018  60.909840  0.754021  0.902399 0.083238
DDO_168  Data  2.732018  60.909840  0.797945  0.927059 0.070268
DDO_168  Data  2.732018  60.909840  0.841869  0.939930 0.066984
DDO_168  Data  2.732018  60.909840  0.885792  0.952670 0.067477
DDO_168  Data  2.732018  60.909840  0.929716  0.950717 0.074701
DDO_168  Data  2.732018  60.909840  0.973639  0.950503 0.075193
DDO_168  Data  2.732018  60.909840  1.017563  0.928996 0.066984
DDO_168  Data  2.732018  60.909840  1.061486  0.943969 0.065835
DDO_168  Data  2.732018  60.909840  1.105410  0.944265 0.080939
DDO_168  Data  2.732018  60.909840  1.149334  0.926845 0.088820
DDO_168  Data  2.732018  60.909840  1.193257  0.898246 0.085700
DDO_168  Data  2.732018  60.909840  1.240841  0.896161 0.081924
DDO_168  Data  2.732018  60.909840  1.284765  0.846349 0.078641
DDO_168  Data  2.732018  60.909840  1.328688  0.765706 0.076178
DDO_168  Data  2.732018  60.909840  1.372612  0.750338 0.071089
DDO_168  Data  2.732018  60.909840  1.416535  0.707455 0.076014
DDO_168  Data  2.732018  60.909840  1.460459  0.681039 0.082089
DDO_168  Model 3.140000  65.021500  0.038217  0.049517 0.038603
DDO_168  Model 3.140000  65.021500  0.076433  0.098872 0.056289
DDO_168  Model 3.140000  65.021500  0.114650  0.147908 0.031836
DDO_168  Model 3.140000  65.021500  0.152866  0.196470 0.032605
DDO_168  Model 3.140000  65.021500  0.191083  0.244419 0.045831
DDO_168  Model 3.140000  65.021500  0.232484  0.295519 0.045216
DDO_168  Model 3.140000  65.021500  0.270701  0.341781 0.035988
DDO_168  Model 3.140000  65.021500  0.308917  0.387067 0.039525
DDO_168  Model 3.140000  65.021500  0.347134  0.431293 0.049983
DDO_168  Model 3.140000  65.021500  0.385350  0.474386 0.057212
DDO_168  Model 3.140000  65.021500  0.423567  0.516291 0.073668
DDO_168  Model 3.140000  65.021500  0.461783  0.556965 0.065978
DDO_168  Model 3.140000  65.021500  0.500000  0.596381 0.060749
DDO_168  Model 3.140000  65.021500  0.538217  0.634522 0.064748
DDO_168  Model 3.140000  65.021500  0.576433  0.671384 0.061518
DDO_168  Model 3.140000  65.021500  0.614650  0.706971 0.067670
DDO_168  Model 3.140000  65.021500  0.656051  0.744100 0.077974
DDO_168  Model 3.140000  65.021500  0.694268  0.777080 0.065824
DDO_168  Model 3.140000  65.021500  0.732484  0.808845 0.062748
DDO_168  Model 3.140000  65.021500  0.770701  0.839424 0.063210
DDO_168  Model 3.140000  65.021500  0.808917  0.868850 0.069977
DDO_168  Model 3.140000  65.021500  0.847134  0.897160 0.070438
DDO_168  Model 3.140000  65.021500  0.885350  0.924391 0.062748
DDO_168  Model 3.140000  65.021500  0.923567  0.950583 0.061672
DDO_168  Model 3.140000  65.021500  0.961783  0.975771 0.075821
DDO_168  Model 3.140000  65.021500  1.000000  1.000000 0.083203
NGC_2366 Data  2.952975  44.544380  0.040637  0.111709 0.048715
NGC_2366 Data  2.952975  44.544380  0.077888  0.185680 0.053879
NGC_2366 Data  2.952975  44.544380  0.118525  0.226089 0.044450
NGC_2366 Data  2.952975  44.544380  0.155775  0.263288 0.054328
NGC_2366 Data  2.952975  44.544380  0.196412  0.283740 0.067573
NGC_2366 Data  2.952975  44.544380  0.233663  0.333488 0.080818
NGC_2366 Data  2.952975  44.544380  0.274300  0.382652 0.071165
NGC_2366 Data  2.952975  44.544380  0.311550  0.460911 0.064879
NGC_2366 Data  2.952975  44.544380  0.352187  0.532727 0.057022
NGC_2366 Data  2.952975  44.544380  0.389438  0.587863 0.058593
NGC_2366 Data  2.952975  44.544380  0.430075  0.639699 0.092492
NGC_2366 Data  2.952975  44.544380  0.467325  0.645222 0.103492
NGC_2366 Data  2.952975  44.544380  0.507962  0.640013 0.094961
NGC_2366 Data  2.952975  44.544380  0.548599  0.667043 0.085084
NGC_2366 Data  2.952975  44.544380  0.585850  0.766112 0.083063
NGC_2366 Data  2.952975  44.544380  0.626487  0.828881 0.080818
NGC_2366 Data  2.952975  44.544380  0.663737  0.836828 0.086431
NGC_2366 Data  2.952975  44.544380  0.704374  0.844304 0.081492
NGC_2366 Data  2.952975  44.544380  0.741625  0.859906 0.080594
NGC_2366 Data  2.952975  44.544380  0.782262  0.876654 0.092492
NGC_2366 Data  2.952975  44.544380  0.819513  0.899799 0.080369
NGC_2366 Data  2.952975  44.544380  0.860150  0.924875 0.074083
NGC_2366 Data  2.952975  44.544380  0.897400  0.966676 0.077002
NGC_2366 Data  2.952975  44.544380  0.938037  0.987263 0.073859
NGC_2366 Data  2.952975  44.544380  0.975288  0.996669 0.075206
NGC_2366 Data  2.952975  44.544380  1.015925  1.002147 0.074757
NGC_2366 Data  2.952975  44.544380  1.056562  0.984075 0.080145
NGC_2366 Data  2.952975  44.544380  1.093812  0.992022 0.080369
NGC_2366 Data  2.952975  44.544380  1.134449  1.003314 0.077002
NGC_2366 Data  2.952975  44.544380  1.171700  1.030837 0.079022
NGC_2366 Data  2.952975  44.544380  1.212337  1.033374 0.080145
NGC_2366 Data  2.952975  44.544380  1.249587  1.057799 0.085982
NGC_2366 Data  2.952975  44.544380  1.290224  1.093202 0.094512
NGC_2366 Data  2.952975  44.544380  1.327475  1.090485 0.088227
NGC_2366 Data  2.952975  44.544380  1.368112  1.093696 0.089125
NGC_2366 Data  2.952975  44.544380  1.405362  1.080293 0.076777
NGC_2366 Data  2.952975  44.544380  1.445999  1.065567 0.070716
NGC_2366 Data  2.952975  44.544380  1.483250  1.063120 0.070940
NGC_2366 Data  2.952975  44.544380  1.523887  1.092888 0.077900
NGC_2366 Data  2.952975  44.544380  1.564524  1.092192 0.073859
NGC_2366 Data  2.952975  44.544380  1.601774  1.104023 0.079920
NGC_2366 Data  2.952975  44.544380  1.642411  1.083549 0.074308
NGC_2366 Data  2.952975  44.544380  1.679662  1.075265 0.073410
NGC_2366 Data  2.952975  44.544380  1.720299  1.102967 0.074308
NGC_2366 Data  2.952975  44.544380  1.757550  1.122027 0.080145
NGC_2366 Data  2.952975  44.544380  1.798187  1.128133 0.075430
NGC_2366 Data  2.952975  44.544380  1.835437  1.155679 0.076777
NGC_2366 Data  2.952975  44.544380  1.876074  1.173953 0.068920
NGC_2366 Data  2.952975  44.544380  1.913325  1.164277 0.080594
NGC_2366 Data  2.952975  44.544380  1.953962  1.177253 0.080145
NGC_2366 Data  2.952975  44.544380  1.991212  1.154175 0.079696
NGC_2366 Data  2.952975  44.544380  2.031849  1.161134 0.083961
NGC_2366 Data  2.952975  44.544380  2.072486  1.165063 0.076104
NGC_2366 Data  2.952975  44.544380  2.109737  1.145464 0.080369
NGC_2366 Data  2.952975  44.544380  2.150374  1.169351 0.075206
NGC_2366 Data  2.952975  44.544380  2.187624  1.155836 0.086431
NGC_2366 Data  2.952975  44.544380  2.228261  1.148383 0.088451
NGC_2366 Data  2.952975  44.544380  2.265512  1.116302 0.086655
NGC_2366 Data  2.952975  44.544380  2.306149  1.116033 0.095186
NGC_2366 Data  2.952975  44.544380  2.343400  1.142411 0.086431
NGC_2366 Data  2.952975  44.544380  2.384036  1.152918 0.097655
NGC_2366 Data  2.952975  44.544380  2.421287  1.131680 0.087104
NGC_2366 Data  2.952975  44.544380  2.461924  1.141783 0.081267
NGC_2366 Data  2.952975  44.544380  2.499175  1.134240 0.096757
NGC_2366 Data  2.952975  44.544380  2.539812  1.089049 0.090696
NGC_2366 Data  2.952975  44.544380  2.580448  1.093449 0.089125
NGC_2366 Data  2.952975  44.544380  2.617699  1.130244 0.085533
NGC_2366 Data  2.952975  44.544380  2.658336  1.078991 0.075430
NGC_2366 Data  2.952975  44.544380  2.695587  1.036360 0.080369
NGC_2366 Data  2.952975  44.544380  2.736224  1.020106 0.068920
NGC_2366 Model 3.139279  43.360226  0.038225  0.077781 0.050046
NGC_2366 Model 3.139279  43.360226  0.073265  0.147938 0.055350
NGC_2366 Model 3.139279  43.360226  0.111491  0.222103 0.045664
NGC_2366 Model 3.139279  43.360226  0.146530  0.287102 0.055812
NGC_2366 Model 3.139279  43.360226  0.184756  0.354103 0.069418
NGC_2366 Model 3.139279  43.360226  0.219796  0.411589 0.083025
NGC_2366 Model 3.139279  43.360226  0.258021  0.469852 0.073108
NGC_2366 Model 3.139279  43.360226  0.293061  0.519199 0.066651
NGC_2366 Model 3.139279  43.360226  0.331286  0.568759 0.058579
NGC_2366 Model 3.139279  43.360226  0.366326  0.610483 0.060193
NGC_2366 Model 3.139279  43.360226  0.404551  0.652243 0.095018
NGC_2366 Model 3.139279  43.360226  0.439591  0.687351 0.106319
NGC_2366 Model 3.139279  43.360226  0.477817  0.722496 0.097555
NGC_2366 Model 3.139279  43.360226  0.516042  0.754659 0.087407
NGC_2366 Model 3.139279  43.360226  0.551082  0.781776 0.085332
NGC_2366 Model 3.139279  43.360226  0.589307  0.809027 0.083025
NGC_2366 Model 3.139279  43.360226  0.624347  0.832081 0.088791
NGC_2366 Model 3.139279  43.360226  0.662572  0.855332 0.083717
NGC_2366 Model 3.139279  43.360226  0.697612  0.875076 0.082795
NGC_2366 Model 3.139279  43.360226  0.735838  0.895069 0.095018
NGC_2366 Model 3.139279  43.360226  0.770878  0.912110 0.082564
NGC_2366 Model 3.139279  43.360226  0.809103  0.929432 0.076107
NGC_2366 Model 3.139279  43.360226  0.844143  0.944252 0.079105
NGC_2366 Model 3.139279  43.360226  0.882368  0.959375 0.075876
NGC_2366 Model 3.139279  43.360226  0.917408  0.972359 0.077260
NGC_2366 Model 3.139279  43.360226  0.955633  0.985652 0.076798
NGC_2366 Model 3.139279  43.360226  0.993859  0.998115 0.082334
NGC_2366 Model 3.139279  43.360226  1.028899  1.008869 0.082564
NGC_2366 Model 3.139279  43.360226  1.067124  1.019935 0.079105
NGC_2366 Model 3.139279  43.360226  1.102164  1.029513 0.081180
NGC_2366 Model 3.139279  43.360226  1.140389  1.039395 0.082334
NGC_2366 Model 3.139279  43.360226  1.175429  1.047972 0.088330
NGC_2366 Model 3.139279  43.360226  1.213654  1.056844 0.097094
NGC_2366 Model 3.139279  43.360226  1.248694  1.064566 0.090636
NGC_2366 Model 3.139279  43.360226  1.286920  1.072573 0.091559
NGC_2366 Model 3.139279  43.360226  1.321959  1.079556 0.078874
NGC_2366 Model 3.139279  43.360226  1.360185  1.086814 0.072647
NGC_2366 Model 3.139279  43.360226  1.395225  1.093161 0.072878
NGC_2366 Model 3.139279  43.360226  1.433450  1.099768 0.080027
NGC_2366 Model 3.139279  43.360226  1.471675  1.106071 0.075876
NGC_2366 Model 3.139279  43.360226  1.506715  1.111599 0.082103
NGC_2366 Model 3.139279  43.360226  1.544940  1.117372 0.076337
NGC_2366 Model 3.139279  43.360226  1.579980  1.122441 0.075415
NGC_2366 Model 3.139279  43.360226  1.618206  1.127746 0.076337
NGC_2366 Model 3.139279  43.360226  1.653246  1.132413 0.082334
NGC_2366 Model 3.139279  43.360226  1.691471  1.137305 0.077490
NGC_2366 Model 3.139279  43.360226  1.726511  1.141615 0.078874
NGC_2366 Model 3.139279  43.360226  1.764736  1.146138 0.070802
NGC_2366 Model 3.139279  43.360226  1.799776  1.150130 0.082795
NGC_2366 Model 3.139279  43.360226  1.838001  1.154325 0.082334
NGC_2366 Model 3.139279  43.360226  1.873041  1.158034 0.081872
NGC_2366 Model 3.139279  43.360226  1.911267  1.161934 0.086254
NGC_2366 Model 3.139279  43.360226  1.949492  1.165693 0.078182
NGC_2366 Model 3.139279  43.360226  1.984532  1.169021 0.082564
NGC_2366 Model 3.139279  43.360226  2.022757  1.172531 0.077260
NGC_2366 Model 3.139279  43.360226  2.057797  1.175640 0.088791
NGC_2366 Model 3.139279  43.360226  2.096022  1.178921 0.090867
NGC_2366 Model 3.139279  43.360226  2.131062  1.181834 0.089022
NGC_2366 Model 3.139279  43.360226  2.169288  1.184909 0.097785
NGC_2366 Model 3.139279  43.360226  2.204328  1.187641 0.088791
NGC_2366 Model 3.139279  43.360226  2.242553  1.190531 0.100322
NGC_2366 Model 3.139279  43.360226  2.277593  1.193100 0.089483
NGC_2366 Model 3.139279  43.360226  2.315818  1.195817 0.083487
NGC_2366 Model 3.139279  43.360226  2.350858  1.198236 0.099400
NGC_2366 Model 3.139279  43.360226  2.389083  1.200799 0.093173
NGC_2366 Model 3.139279  43.360226  2.427309  1.203287 0.091559
NGC_2366 Model 3.139279  43.360226  2.462348  1.205501 0.087869
NGC_2366 Model 3.139279  43.360226  2.500574  1.207851 0.077490
NGC_2366 Model 3.139279  43.360226  2.535614  1.209945 0.082564
NGC_2366 Model 3.139279  43.360226  2.573839  1.212168 0.070802
DDO_154  Data  2.714893  38.524570  0.051567  0.155096 0.067230
DDO_154  Data  2.714893  38.524570  0.106818  0.286181 0.063077
DDO_154  Data  2.714893  38.524570  0.158386  0.376098 0.055809
DDO_154  Data  2.714893  38.524570  0.209953  0.406650 0.080209
DDO_154  Data  2.714893  38.524570  0.265204  0.488545 0.068009
DDO_154  Data  2.714893  38.524570  0.316771  0.552842 0.067749
DDO_154  Data  2.714893  38.524570  0.368339  0.615555 0.060740
DDO_154  Data  2.714893  38.524570  0.423589  0.624666 0.077094
DDO_154  Data  2.714893  38.524570  0.475157  0.673726 0.139911
DDO_154  Data  2.714893  38.524570  0.530408  0.751261 0.162753
DDO_154  Data  2.714893  38.524570  0.581975  0.798192 0.164570
DDO_154  Data  2.714893  38.524570  0.633543  0.848290 0.184038
DDO_154  Data  2.714893  38.524570  0.688793  0.870561 0.189749
DDO_154  Data  2.714893  38.524570  0.740361  0.889329 0.170541
DDO_154  Data  2.714893  38.524570  0.791928  0.913806 0.164830
DDO_154  Data  2.714893  38.524570  0.847179  0.914585 0.143545
DDO_154  Data  2.714893  38.524570  0.898746  0.939998 0.136017
DDO_154  Data  2.714893  38.524570  0.950314  0.969771 0.128749
DDO_154  Data  2.714893  38.524570  1.005565  1.003386 0.125894
DDO_154  Data  2.714893  38.524570  1.057132  1.019246 0.124855
DDO_154  Data  2.714893  38.524570  1.108699  1.035599 0.112396
DDO_154  Data  2.714893  38.524570  1.163950  1.057066 0.107204
DDO_154  Data  2.714893  38.524570  1.215518  1.076638 0.098119
DDO_154  Data  2.714893  38.524570  1.267085  1.083205 0.087477
DDO_154  Data  2.714893  38.524570  1.322336  1.100441 0.088515
DDO_154  Data  2.714893  38.524570  1.373903  1.114120 0.087477
DDO_154  Data  2.714893  38.524570  1.425471  1.128812 0.089034
DDO_154  Data  2.714893  38.524570  1.480722  1.151447 0.096302
DDO_154  Data  2.714893  38.524570  1.532289  1.167047 0.094745
DDO_154  Data  2.714893  38.524570  1.587540  1.185088 0.108502
DDO_154  Data  2.714893  38.524570  1.639107  1.189267 0.122519
DDO_154  Data  2.714893  38.524570  1.690675  1.176600 0.118106
DDO_154  Data  2.714893  38.524570  1.745925  1.182674 0.117587
DDO_154  Data  2.714893  38.524570  1.797493  1.172550 0.120183
DDO_154  Data  2.714893  38.524570  1.849060  1.147242 0.121481
DDO_154  Data  2.714893  38.524570  1.904311  1.192538 0.124855
DDO_154  Data  2.714893  38.524570  1.955878  1.189864 0.122260
DDO_154  Data  2.714893  38.524570  2.007446  1.158663 0.130306
DDO_154  Data  2.714893  38.524570  2.062697  1.121388 0.133940
DDO_154  Data  2.714893  38.524570  2.114264  1.120713 0.129009
DDO_154  Data  2.714893  38.524570  2.165832  1.132965 0.142506
DDO_154  Data  2.714893  38.524570  2.221082  1.168008 0.136277
DDO_154  Data  2.714893  38.524570  2.272650  1.132706 0.124077
DDO_154  Data  2.714893  38.524570  2.324217  1.129747 0.148996
DDO_154  Data  2.714893  38.524570  2.379468  1.152563 0.149775
DDO_154  Data  2.714893  38.524570  2.431035  1.105113 0.160417
DDO_154  Data  2.714893  38.524570  2.482603  1.088967 0.154447
DDO_154  Data  2.714893  38.524570  2.537853  1.128838 0.140430
DDO_154  Data  2.714893  38.524570  2.589421  1.128501 0.144843
DDO_154  Data  2.714893  38.524570  2.644672  1.071394 0.123558
DDO_154  Data  2.714893  38.524570  2.696239  1.130136 0.146919
DDO_154  Data  2.714893  38.524570  2.747807  1.220338 0.169762
DDO_154  Data  2.714893  38.524570  2.803057  1.234199 0.132902
DDO_154  Data  2.714893  38.524570  2.854625  1.168008 0.179626
DDO_154  Data  2.714893  38.524570  2.906192  1.224258 0.145621
DDO_154  Model 2.610924  38.170990  0.053621  0.113106 0.067853
DDO_154  Model 2.610924  38.170990  0.111072  0.229581 0.063661
DDO_154  Model 2.610924  38.170990  0.164693  0.330471 0.056325
DDO_154  Model 2.610924  38.170990  0.218314  0.421902 0.080952
DDO_154  Model 2.610924  38.170990  0.275764  0.508732 0.068639
DDO_154  Model 2.610924  38.170990  0.329385  0.579747 0.068377
DDO_154  Model 2.610924  38.170990  0.383006  0.641940 0.061303
DDO_154  Model 2.610924  38.170990  0.440457  0.699964 0.077808
DDO_154  Model 2.610924  38.170990  0.494078  0.747183 0.141207
DDO_154  Model 2.610924  38.170990  0.551529  0.791454 0.164261
DDO_154  Model 2.610924  38.170990  0.605150  0.827760 0.166095
DDO_154  Model 2.610924  38.170990  0.658771  0.859949 0.185743
DDO_154  Model 2.610924  38.170990  0.716222  0.890553 0.191507
DDO_154  Model 2.610924  38.170990  0.769842  0.916018 0.172120
DDO_154  Model 2.610924  38.170990  0.823463  0.938915 0.166357
DDO_154  Model 2.610924  38.170990  0.880914  0.960997 0.144874
DDO_154  Model 2.610924  38.170990  0.934535  0.979624 0.137277
DDO_154  Model 2.610924  38.170990  0.988156  0.996587 0.129942
DDO_154  Model 2.610924  38.170990  1.045607  1.013144 0.127060
DDO_154  Model 2.610924  38.170990  1.099228  1.027275 0.126012
DDO_154  Model 2.610924  38.170990  1.152849  1.040280 0.113437
DDO_154  Model 2.610924  38.170990  1.210300  1.053103 0.108197
DDO_154  Model 2.610924  38.170990  1.263920  1.064156 0.099028
DDO_154  Model 2.610924  38.170990  1.317541  1.074413 0.088287
DDO_154  Model 2.610924  38.170990  1.374992  1.084614 0.089335
DDO_154  Model 2.610924  38.170990  1.428613  1.093474 0.088287
DDO_154  Model 2.610924  38.170990  1.482234  1.101758 0.089859
DDO_154  Model 2.610924  38.170990  1.539685  1.110055 0.097194
DDO_154  Model 2.610924  38.170990  1.593306  1.117309 0.095622
DDO_154  Model 2.610924  38.170990  1.650757  1.124603 0.109507
DDO_154  Model 2.610924  38.170990  1.704378  1.131003 0.123654
DDO_154  Model 2.610924  38.170990  1.757999  1.137044 0.119200
DDO_154  Model 2.610924  38.170990  1.815449  1.143153 0.118677
DDO_154  Model 2.610924  38.170990  1.869070  1.148540 0.121296
DDO_154  Model 2.610924  38.170990  1.922691  1.153648 0.122606
DDO_154  Model 2.610924  38.170990  1.980142  1.158833 0.126012
DDO_154  Model 2.610924  38.170990  2.033763  1.163428 0.123392
DDO_154  Model 2.610924  38.170990  2.087384  1.167800 0.131513
DDO_154  Model 2.610924  38.170990  2.144835  1.172257 0.135181
DDO_154  Model 2.610924  38.170990  2.198456  1.176220 0.130204
DDO_154  Model 2.610924  38.170990  2.252077  1.180006 0.143826
DDO_154  Model 2.610924  38.170990  2.309527  1.183876 0.137539
DDO_154  Model 2.610924  38.170990  2.363148  1.187328 0.125226
DDO_154  Model 2.610924  38.170990  2.416769  1.190637 0.150376
DDO_154  Model 2.610924  38.170990  2.474220  1.194030 0.151162
DDO_154  Model 2.610924  38.170990  2.527841  1.197064 0.161903
DDO_154  Model 2.610924  38.170990  2.581462  1.199977 0.155878
DDO_154  Model 2.610924  38.170990  2.638913  1.202974 0.141731
DDO_154  Model 2.610924  38.170990  2.692534  1.205662 0.146184
DDO_154  Model 2.610924  38.170990  2.749985  1.208428 0.124702
DDO_154  Model 2.610924  38.170990  2.803606  1.210914 0.148280
DDO_87   Data  3.212352  36.356556  0.068486  0.032401 0.098744
DDO_87   Data  3.212352  36.356556  0.140084  0.236986 0.089943
DDO_87   Data  3.212352  36.356556  0.208570  0.365711 0.062987
DDO_87   Data  3.212352  36.356556  0.280169  0.454058 0.076190
DDO_87   Data  3.212352  36.356556  0.348654  0.478566 0.084166
DDO_87   Data  3.212352  36.356556  0.417140  0.554425 0.081416
DDO_87   Data  3.212352  36.356556  0.488739  0.585589 0.074540
DDO_87   Data  3.212352  36.356556  0.557224  0.711729 0.081966
DDO_87   Data  3.212352  36.356556  0.628823  0.747541 0.071239
DDO_87   Data  3.212352  36.356556  0.697308  0.784453 0.081691
DDO_87   Data  3.212352  36.356556  0.765794  0.854179 0.088567
DDO_87   Data  3.212352  36.356556  0.837393  0.890623 0.074540
DDO_87   Data  3.212352  36.356556  0.905878  0.926215 0.091868
DDO_87   Data  3.212352  36.356556  0.977477  0.984912 0.094893
DDO_87   Data  3.212352  36.356556  1.045963  1.030791 0.097094
DDO_87   Data  3.212352  36.356556  1.114448  1.051777 0.102045
DDO_87   Data  3.212352  36.356556  1.186047  1.072269 0.092143
DDO_87   Data  3.212352  36.356556  1.254533  1.086737 0.109746
DDO_87   Data  3.212352  36.356556  1.326131  1.115040 0.106721
DDO_87   Data  3.212352  36.356556  1.394617  1.146836 0.086367
DDO_87   Data  3.212352  36.356556  1.463102  1.231855 0.084166
DDO_87   Data  3.212352  36.356556  1.534701  1.281695 0.088842
DDO_87   Data  3.212352  36.356556  1.603187  1.291651 0.099294
DDO_87   Data  3.212352  36.356556  1.674785  1.259360 0.091593
DDO_87   Data  3.212352  36.356556  1.743271  1.350513 0.091868
DDO_87   Data  3.212352  36.356556  1.811757  1.404836 0.089392
DDO_87   Data  3.212352  36.356556  1.883355  1.391661 0.099569
DDO_87   Data  3.212352  36.356556  1.951841  1.335935 0.101770
DDO_87   Data  3.212352  36.356556  2.023440  1.315086 0.098469
DDO_87   Data  3.212352  36.356556  2.091925  1.303066 0.090218
DDO_87   Data  3.212352  36.356556  2.160411  1.393009 0.092693
DDO_87   Data  3.212352  36.356556  2.232010  1.445241 0.069864
DDO_87   Data  3.212352  36.356556  2.300495  1.472554 0.082791
DDO_87   Model 4.596187  43.959805  0.047866  0.079241 0.081666
DDO_87   Model 4.596187  43.959805  0.097907  0.160872 0.074386
DDO_87   Model 4.596187  43.959805  0.145773  0.236739 0.052093
DDO_87   Model 4.596187  43.959805  0.195814  0.312815 0.063012
DDO_87   Model 4.596187  43.959805  0.243680  0.381837 0.069609
DDO_87   Model 4.596187  43.959805  0.291546  0.446799 0.067334
DDO_87   Model 4.596187  43.959805  0.341588  0.510166 0.061647
DDO_87   Model 4.596187  43.959805  0.389453  0.566404 0.067789
DDO_87   Model 4.596187  43.959805  0.439495  0.620744 0.058917
DDO_87   Model 4.596187  43.959805  0.487361  0.668659 0.067562
DDO_87   Model 4.596187  43.959805  0.535226  0.712847 0.073249
DDO_87   Model 4.596187  43.959805  0.585268  0.755347 0.061647
DDO_87   Model 4.596187  43.959805  0.633134  0.792751 0.075978
DDO_87   Model 4.596187  43.959805  0.683175  0.828757 0.078481
DDO_87   Model 4.596187  43.959805  0.731041  0.860502 0.080301
DDO_87   Model 4.596187  43.959805  0.778907  0.889852 0.084395
DDO_87   Model 4.596187  43.959805  0.828948  0.918216 0.076206
DDO_87   Model 4.596187  43.959805  0.876814  0.943334 0.090765
DDO_87   Model 4.596187  43.959805  0.926855  0.967693 0.088262
DDO_87   Model 4.596187  43.959805  0.974721  0.989340 0.071429
DDO_87   Model 4.596187  43.959805  1.022587  1.009525 0.069609
DDO_87   Model 4.596187  43.959805  1.072628  1.029202 0.073476
DDO_87   Model 4.596187  43.959805  1.120494  1.046784 0.082120
DDO_87   Model 4.596187  43.959805  1.170536  1.063983 0.075751
DDO_87   Model 4.596187  43.959805  1.218401  1.079406 0.075978
DDO_87   Model 4.596187  43.959805  1.266267  1.093906 0.073931
DDO_87   Model 4.596187  43.959805  1.316309  1.108162 0.082348
DDO_87   Model 4.596187  43.959805  1.364174  1.121004 0.084168
DDO_87   Model 4.596187  43.959805  1.414216  1.133667 0.081438
DDO_87   Model 4.596187  43.959805  1.462082  1.145110 0.074614
DDO_87   Model 4.596187  43.959805  1.509947  1.155947 0.076661
DDO_87   Model 4.596187  43.959805  1.559989  1.166675 0.057780
DDO_87   Model 4.596187  43.959805  1.607855  1.176409 0.068472
DDO_52   Data  5.430000  55.966999  0.062615  0.218414 0.152411
DDO_52   Data  5.430000  55.966999  0.125230  0.337735 0.118284
DDO_52   Data  5.430000  55.966999  0.187845  0.477782 0.113102
DDO_52   Data  5.430000  55.966999  0.250460  0.550664 0.061643
DDO_52   Data  5.430000  55.966999  0.313076  0.645827 0.063252
DDO_52   Data  5.430000  55.966999  0.375691  0.747262 0.065574
DDO_52   Data  5.430000  55.966999  0.438306  0.812800 0.074151
DDO_52   Data  5.430000  55.966999  0.500921  0.830400 0.065574
DDO_52   Data  5.430000  55.966999  0.563536  0.846552 0.060929
DDO_52   Data  5.430000  55.966999  0.626151  0.916433 0.052888
DDO_52   Data  5.430000  55.966999  0.688766  0.964461 0.058427
DDO_52   Data  5.430000  55.966999  0.749540  0.975646 0.067182
DDO_52   Data  5.430000  55.966999  0.812155  1.004253 0.074151
DDO_52   Data  5.430000  55.966999  0.874770  1.026784 0.077546
DDO_52   Data  5.430000  55.966999  0.937385  1.011185 0.083799
DDO_52   Data  5.430000  55.966999  1.000000  1.000000 0.090589
DDO_52   Model 3.688116  51.348763  0.092188  0.193137 0.166119
DDO_52   Model 3.688116  51.348763  0.184376  0.366899 0.128922
DDO_52   Model 3.688116  51.348763  0.276564  0.511810 0.123275
DDO_52   Model 3.688116  51.348763  0.368752  0.628099 0.067188
DDO_52   Model 3.688116  51.348763  0.460940  0.720403 0.068940
DDO_52   Model 3.688116  51.348763  0.553128  0.793992 0.071472
DDO_52   Model 3.688116  51.348763  0.645316  0.853321 0.080820
DDO_52   Model 3.688116  51.348763  0.737504  0.901811 0.071472
DDO_52   Model 3.688116  51.348763  0.829692  0.941990 0.066409
DDO_52   Model 3.688116  51.348763  0.921880  0.975718 0.057645
DDO_52   Model 3.688116  51.348763  1.014068  1.004373 0.063682
DDO_52   Model 3.688116  51.348763  1.103544  1.028305 0.073225
DDO_52   Model 3.688116  51.348763  1.195732  1.049729 0.080820
DDO_52   Model 3.688116  51.348763  1.287920  1.068464 0.084520
DDO_52   Model 3.688116  51.348763  1.380108  1.084975 0.091336
DDO_52   Model 3.688116  51.348763  1.472296  1.099629 0.098737
NGC_3738 Data  1.198217 114.830795  0.066766  0.189932 0.027257
NGC_3738 Data  1.198217 114.830795  0.191952  0.369361 0.028825
NGC_3738 Data  1.198217 114.830795  0.317138  0.509855 0.029783
NGC_3738 Data  1.198217 114.830795  0.442324  0.678886 0.034398
NGC_3738 Data  1.198217 114.830795  0.567510  0.857253 0.037098
NGC_3738 Data  1.198217 114.830795  0.701041  0.861999 0.045894
NGC_3738 Data  1.198217 114.830795  0.826227  0.878702 0.042671
NGC_3738 Data  1.198217 114.830795  0.951413  0.949771 0.046329
NGC_3738 Data  1.198217 114.830795  1.076599  1.079188 0.047200
NGC_3738 Data  1.198217 114.830795  1.201785  1.129444 0.056083
NGC_3738 Data  1.198217 114.830795  1.335317  1.090178 0.043629
NGC_3738 Data  1.198217 114.830795  1.460503  1.038676 0.044065
NGC_3738 Model 1.233654 115.246483  0.064848  0.135143 0.027159
NGC_3738 Model 1.233654 115.246483  0.186438  0.365959 0.028721
NGC_3738 Model 1.233654 115.246483  0.308028  0.549526 0.029676
NGC_3738 Model 1.233654 115.246483  0.429618  0.687101 0.034274
NGC_3738 Model 1.233654 115.246483  0.551208  0.789453 0.036964
NGC_3738 Model 1.233654 115.246483  0.680904  0.871246 0.045728
NGC_3738 Model 1.233654 115.246483  0.802494  0.930024 0.042518
NGC_3738 Model 1.233654 115.246483  0.924084  0.976542 0.046162
NGC_3738 Model 1.233654 115.246483  1.045674  1.014113 0.047030
NGC_3738 Model 1.233654 115.246483  1.167264  1.045021 0.055880
NGC_3738 Model 1.233654 115.246483  1.296960  1.072415 0.043472
NGC_3738 Model 1.233654 115.246483  1.418550  1.094064 0.043906
